epoch train test
0.000 27.598 31.780
1.000 38.910 45.920
2.000 44.600 54.090
3.000 43.270 51.830
4.000 48.536 58.290
5.000 51.982 61.650
6.000 53.234 63.500
7.000 57.410 69.410
8.000 58.692 70.290
9.000 58.646 69.480
10.000 59.618 70.880
11.000 62.018 74.450
12.000 60.088 72.060
13.000 57.788 68.420
14.000 64.478 76.430
15.000 61.708 73.730
16.000 62.472 73.370
17.000 63.638 74.670
18.000 66.458 78.600
19.000 64.654 75.120
20.000 66.392 77.810
21.000 66.828 78.050
22.000 66.864 78.000
23.000 66.650 77.750
24.000 68.130 79.600
25.000 64.506 74.870
26.000 68.386 79.680
27.000 65.578 74.840
28.000 68.444 79.230
29.000 66.992 77.240
30.000 67.790 77.000
31.000 68.222 77.840
32.000 66.776 74.690
33.000 69.142 78.280
34.000 69.024 77.500
35.000 70.052 79.320
36.000 66.764 74.070
37.000 66.134 73.580
38.000 69.762 76.940
39.000 70.162 78.470
40.000 69.488 77.440
41.000 68.888 77.040
42.000 70.082 78.240
43.000 66.044 72.760
44.000 69.810 77.340
45.000 68.260 73.640
46.000 69.462 75.120
47.000 70.304 76.670
48.000 71.734 78.380
49.000 71.578 77.880
50.000 69.898 74.610
51.000 71.944 77.730
52.000 72.448 78.310
53.000 71.946 77.000
54.000 71.590 76.720
55.000 72.606 77.010
56.000 72.356 76.840
57.000 71.744 75.830
58.000 73.720 78.220
59.000 73.614 77.760
60.000 71.640 74.380
61.000 72.366 74.610
62.000 73.298 76.050
63.000 71.974 75.100
64.000 73.544 75.940
65.000 72.594 75.350
66.000 75.352 78.000
67.000 73.878 75.520
68.000 74.156 75.390
69.000 74.638 75.790
70.000 75.112 75.890
71.000 72.108 72.830
72.000 73.920 73.910
73.000 74.846 74.800
74.000 74.802 74.630
75.000 74.468 74.690
76.000 73.900 73.800
77.000 74.630 72.730
78.000 75.524 73.460
79.000 75.476 75.190
80.000 74.798 72.140
81.000 75.930 73.530
82.000 75.064 73.280
83.000 77.088 74.700
84.000 76.706 73.960
85.000 76.304 72.970
86.000 75.872 73.340
87.000 70.528 66.510
88.000 75.702 71.970
89.000 77.058 72.740
90.000 77.654 73.250
91.000 79.122 74.890
92.000 77.370 73.230
93.000 74.298 70.340
94.000 77.812 71.830
95.000 78.586 72.460
96.000 78.152 70.680
97.000 76.512 69.420
98.000 78.522 72.090
99.000 79.460 73.430
100.000 80.842 73.600
101.000 80.456 72.990
102.000 80.464 73.350
103.000 80.406 73.580
104.000 74.876 66.310
105.000 80.976 72.730
106.000 79.844 70.860
107.000 81.614 72.960
108.000 81.666 72.570
109.000 81.530 71.410
110.000 81.856 72.250
111.000 80.888 72.290
112.000 78.570 68.090
113.000 81.856 71.650
114.000 79.966 70.250
115.000 82.476 72.430
116.000 82.220 71.290
117.000 81.836 70.010
118.000 80.938 70.200
119.000 82.114 71.300
120.000 82.292 70.330
121.000 83.940 71.610
122.000 82.300 71.990
123.000 83.788 70.930
124.000 82.690 69.880
125.000 82.938 69.850
126.000 83.280 70.960
127.000 84.112 71.350
128.000 83.256 69.530
129.000 85.108 71.780
130.000 84.400 70.430
131.000 81.728 67.470
132.000 84.312 68.900
133.000 84.894 70.810
134.000 84.676 69.580
135.000 83.992 69.030
136.000 85.766 69.770
137.000 84.306 68.770
138.000 86.722 71.220
139.000 85.970 70.170
140.000 85.654 69.700
141.000 87.330 71.450
142.000 85.948 69.320
143.000 85.562 70.280
144.000 85.358 68.040
145.000 86.972 70.290
146.000 86.604 70.220
147.000 86.910 69.020
148.000 86.136 68.330
149.000 87.800 70.600
150.000 86.642 68.960
151.000 88.924 71.180
152.000 88.010 70.200
153.000 88.466 71.440
154.000 88.118 69.200
155.000 87.956 68.870
156.000 87.940 68.980
157.000 89.136 70.840
158.000 88.568 69.200
159.000 89.530 70.050
160.000 89.204 69.690
161.000 89.854 69.390
162.000 88.644 69.760
163.000 88.618 70.340
164.000 88.912 68.910
165.000 88.866 68.860
166.000 88.764 69.280
167.000 88.356 69.120
168.000 89.356 68.660
169.000 90.474 70.210
170.000 89.280 69.340
171.000 90.394 70.730
172.000 89.490 69.150
173.000 90.294 70.280
174.000 91.340 70.490
175.000 89.998 69.190
176.000 91.510 69.430
177.000 90.922 69.870
178.000 91.328 70.200
179.000 91.518 69.410
180.000 91.716 69.470
181.000 91.306 70.250
182.000 91.188 68.760
183.000 91.998 70.090
184.000 91.720 70.720
185.000 90.104 69.040
186.000 92.756 70.890
187.000 90.626 69.290
188.000 91.760 68.680
189.000 92.996 70.450
190.000 92.722 70.380
191.000 91.528 69.510
192.000 91.950 69.700
193.000 93.684 70.570
194.000 93.304 70.990
195.000 92.392 69.760
196.000 92.376 69.690
197.000 93.176 69.500
198.000 92.342 69.940
199.000 92.742 69.310
200.000 92.792 69.020
201.000 92.512 67.900
202.000 93.926 68.970
203.000 92.816 70.130
204.000 93.516 70.540
205.000 92.966 69.140
206.000 93.528 69.600
207.000 92.386 68.240
208.000 92.432 67.110
209.000 93.808 69.460
210.000 93.544 69.640
211.000 93.406 69.240
212.000 93.874 70.280
213.000 94.000 69.490
214.000 93.092 69.240
215.000 92.968 67.940
216.000 94.160 69.730
217.000 94.702 69.720
218.000 93.986 68.310
219.000 94.812 70.230
220.000 93.274 68.890
221.000 94.786 70.350
222.000 94.394 69.730
223.000 94.588 69.200
224.000 94.612 69.670
225.000 94.796 69.720
226.000 94.694 69.270
227.000 94.962 69.980
228.000 95.054 70.940
229.000 93.544 67.960
230.000 94.840 70.020
231.000 94.346 69.370
232.000 94.762 70.020
233.000 94.730 69.900
234.000 95.736 69.430
235.000 95.418 69.810
236.000 94.360 69.720
237.000 94.850 69.410
238.000 95.038 69.870
239.000 95.620 70.280
240.000 95.230 70.160
241.000 95.266 69.730
242.000 95.426 69.920
243.000 95.684 70.290
244.000 95.018 69.450
245.000 95.648 71.030
246.000 95.426 68.850
247.000 95.492 70.380
248.000 95.814 69.970
249.000 95.886 70.530
250.000 94.016 68.300
251.000 96.052 69.930
252.000 96.182 70.130
253.000 96.266 69.990
254.000 96.206 70.040
255.000 96.042 69.930
256.000 95.958 70.490
257.000 96.072 69.100
258.000 96.070 69.910
259.000 95.714 69.630
260.000 96.632 69.260
261.000 96.600 70.400
262.000 95.880 69.260
263.000 95.414 69.730
264.000 96.414 70.500
265.000 96.218 68.730
266.000 96.804 70.160
267.000 96.276 69.770
268.000 96.488 70.200
269.000 96.920 70.290
270.000 96.992 69.580
271.000 96.920 69.570
272.000 96.586 70.110
273.000 96.484 69.590
274.000 96.744 69.930
275.000 96.480 69.520
276.000 96.854 70.640
277.000 96.900 70.410
278.000 96.524 69.970
279.000 96.114 69.110
280.000 96.862 70.300
281.000 96.696 69.650
282.000 97.154 69.820
283.000 97.416 69.860
284.000 96.548 69.850
285.000 97.040 69.900
286.000 97.196 69.990
287.000 96.874 69.590
288.000 97.026 69.560
289.000 96.988 70.050
290.000 97.112 70.340
291.000 97.288 69.940
292.000 97.412 70.500
293.000 97.596 70.370
294.000 96.546 69.430
295.000 97.460 70.090
296.000 97.728 70.390
297.000 97.586 70.770
298.000 97.514 70.690
299.000 97.222 69.760
300.000 97.516 69.870
301.000 97.520 70.590
302.000 97.770 69.880
303.000 97.416 70.250
304.000 97.702 70.900
305.000 97.576 70.440
306.000 97.514 69.490
307.000 97.720 70.770
308.000 97.870 70.320
309.000 98.008 70.480
310.000 97.870 70.640
311.000 97.838 70.660
312.000 97.734 69.590
313.000 97.422 69.380
314.000 97.500 69.510
315.000 98.036 70.030
316.000 97.968 70.550
317.000 97.818 70.580
318.000 97.672 69.780
319.000 97.810 70.470
320.000 97.720 70.480
321.000 97.742 70.140
322.000 98.016 70.290
323.000 97.864 70.220
324.000 98.064 69.910
325.000 98.258 70.140
326.000 97.984 70.180
327.000 97.984 70.460
328.000 97.954 69.910
329.000 97.980 70.610
330.000 98.172 70.380
331.000 97.954 70.570
332.000 98.300 70.290
333.000 98.394 70.120
334.000 98.282 70.420
335.000 98.074 69.800
336.000 98.308 70.080
337.000 98.448 70.660
338.000 98.076 70.080
339.000 98.088 70.490
340.000 98.034 69.810
341.000 98.370 70.780
342.000 98.358 70.860
343.000 98.384 70.790
344.000 97.906 70.170
345.000 98.264 70.560
346.000 98.574 70.520
347.000 98.438 70.550
348.000 98.348 70.270
349.000 98.438 71.020
350.000 98.436 69.880
351.000 98.600 70.530
352.000 98.298 71.290
353.000 98.348 70.330
354.000 98.308 69.980
355.000 97.862 69.540
356.000 98.420 70.990
357.000 98.550 70.640
358.000 98.564 70.700
359.000 98.646 69.950
360.000 98.314 70.490
361.000 98.490 70.740
362.000 98.576 71.850
363.000 98.588 70.550
364.000 98.542 71.160
365.000 98.626 70.970
366.000 97.900 69.610
367.000 98.724 70.800
368.000 98.578 71.320
369.000 98.604 71.370
370.000 98.502 70.640
371.000 98.818 70.940
372.000 98.734 71.180
373.000 98.590 70.400
374.000 98.622 70.620
375.000 98.758 71.310
376.000 98.702 70.840
377.000 98.974 71.010
378.000 98.598 70.810
379.000 98.758 71.030
380.000 98.780 70.780
381.000 98.844 70.630
382.000 98.812 71.060
383.000 98.780 70.790
384.000 98.876 70.880
385.000 98.928 70.920
386.000 98.682 69.990
387.000 98.738 71.210
388.000 98.686 70.500
389.000 98.624 70.690
390.000 99.004 71.340
391.000 98.610 69.800
392.000 98.664 71.150
393.000 98.896 71.030
394.000 98.428 69.780
395.000 99.052 71.220
396.000 98.824 71.460
397.000 98.964 71.390
398.000 99.076 71.430
399.000 98.652 70.720
400.000 98.962 71.810
401.000 98.730 70.710
402.000 98.884 70.670
403.000 98.920 70.730
404.000 98.792 70.370
405.000 99.008 71.380
406.000 98.696 70.390
407.000 98.978 71.000
408.000 98.980 71.070
409.000 98.940 70.640
410.000 98.918 71.460
411.000 97.730 69.450
412.000 99.022 70.870
413.000 98.900 70.450
414.000 99.092 71.710
415.000 98.862 70.980
416.000 99.168 71.350
417.000 99.014 71.150
418.000 99.188 70.690
419.000 98.672 70.420
420.000 99.024 70.860
421.000 98.888 70.620
422.000 98.950 70.960
423.000 99.060 70.420
424.000 99.196 70.680
425.000 99.130 71.080
426.000 99.184 70.910
427.000 99.130 71.190
428.000 99.038 70.280
429.000 99.028 71.030
430.000 98.984 70.560
431.000 99.230 71.010
432.000 99.154 70.520
433.000 99.234 70.600
434.000 99.094 71.310
435.000 99.294 70.700
436.000 99.104 70.480
437.000 98.878 69.910
438.000 99.204 71.190
439.000 99.108 70.630
440.000 99.126 70.180
441.000 99.224 70.570
442.000 99.174 71.000
443.000 98.928 70.640
444.000 99.348 70.880
445.000 99.208 70.910
446.000 99.194 71.210
447.000 98.972 70.490
448.000 99.324 70.690
449.000 99.302 71.000
450.000 99.086 70.940
451.000 99.370 71.230
452.000 99.220 70.300
453.000 99.228 71.290
454.000 99.328 71.430
455.000 99.016 70.840
456.000 99.302 71.350
457.000 99.140 70.800
458.000 99.328 70.590
459.000 99.254 70.620
460.000 99.170 70.600
461.000 99.304 70.830
462.000 99.352 70.820
463.000 99.322 70.840
464.000 99.270 71.430
465.000 99.280 71.060
466.000 99.002 69.800
467.000 99.298 70.800
468.000 99.374 70.810
469.000 99.398 71.070
470.000 99.316 70.810
471.000 99.398 70.800
472.000 99.112 70.630
473.000 99.270 70.730
474.000 99.410 71.220
475.000 99.376 70.500
476.000 99.384 71.260
477.000 99.414 70.650
478.000 99.450 71.040
479.000 99.430 71.060
480.000 99.438 70.760
481.000 99.380 71.470
482.000 99.392 71.250
483.000 99.414 71.330
484.000 99.458 70.770
485.000 99.062 71.060
486.000 99.348 70.750
487.000 99.442 70.970
488.000 99.276 70.530
489.000 99.406 70.600
490.000 99.440 70.940
491.000 99.460 71.250
492.000 99.468 71.060
493.000 99.196 70.610
494.000 99.466 71.020
495.000 99.344 71.300
496.000 99.374 70.720
497.000 99.450 70.900
498.000 99.390 70.840
499.000 99.312 70.160
500.000 99.374 70.730
501.000 99.462 70.870
502.000 99.464 71.330
503.000 99.466 71.210
504.000 99.536 71.420
505.000 99.504 71.320
506.000 99.506 71.720
507.000 99.540 71.340
508.000 99.404 70.970
509.000 99.406 70.320
510.000 99.160 70.570
511.000 99.366 71.260
512.000 99.526 70.640
513.000 99.466 71.260
514.000 99.316 70.600
515.000 99.500 71.220
516.000 99.518 70.920
517.000 99.564 71.040
518.000 99.466 70.770
519.000 99.460 70.920
520.000 99.448 70.700
521.000 99.542 71.210
522.000 99.600 71.510
523.000 99.474 71.230
524.000 99.634 71.020
525.000 99.590 70.600
526.000 99.578 71.040
527.000 99.572 70.970
528.000 99.604 71.400
529.000 99.598 71.040
530.000 99.568 70.920
531.000 99.578 70.600
532.000 99.588 70.640
533.000 99.584 71.050
534.000 99.596 70.930
535.000 99.464 71.140
536.000 99.602 71.320
537.000 99.654 70.840
538.000 99.644 71.160
539.000 99.494 70.260
540.000 99.592 71.350
541.000 99.522 70.990
542.000 99.674 70.710
543.000 99.554 70.680
544.000 99.512 71.400
545.000 99.572 70.850
546.000 99.604 71.010
547.000 99.674 71.130
548.000 99.596 70.990
549.000 99.622 70.880
550.000 99.636 71.520
551.000 99.656 71.670
552.000 99.652 71.340
553.000 99.670 71.200
554.000 99.630 71.480
555.000 99.640 71.610
556.000 99.508 71.200
557.000 99.612 71.050
558.000 99.652 71.500
559.000 99.568 70.510
560.000 99.664 71.300
561.000 99.610 70.780
562.000 99.668 70.700
563.000 99.528 71.530
564.000 99.698 71.390
565.000 99.644 71.020
566.000 99.630 71.430
567.000 99.614 71.400
568.000 99.676 71.560
569.000 99.668 71.360
570.000 99.688 71.330
571.000 99.690 71.530
572.000 99.732 70.700
573.000 99.692 70.870
574.000 99.628 71.270
575.000 99.672 71.330
576.000 99.684 71.460
577.000 99.692 71.090
578.000 99.692 71.040
579.000 99.754 71.780
580.000 99.704 71.360
581.000 99.582 71.170
582.000 99.698 71.140
583.000 99.708 71.170
584.000 99.726 71.160
585.000 99.674 70.980
586.000 99.670 71.590
587.000 99.726 71.450
588.000 99.774 71.410
589.000 99.654 71.110
590.000 99.742 70.980
591.000 99.592 71.030
592.000 99.746 71.170
593.000 99.738 71.150
594.000 99.728 71.550
595.000 99.744 71.480
596.000 99.782 71.440
597.000 99.758 70.940
598.000 99.608 71.550
599.000 99.680 71.420
600.000 99.752 71.230
601.000 99.754 71.800
602.000 99.686 71.230
603.000 99.772 71.280
604.000 99.710 71.120
605.000 99.774 71.470
606.000 99.732 71.530
607.000 99.744 71.190
608.000 99.702 71.210
609.000 99.724 71.830
610.000 99.748 71.530
611.000 99.768 71.210
612.000 99.766 71.530
613.000 99.768 71.390
614.000 99.684 70.910
615.000 99.752 71.530
616.000 99.812 71.550
617.000 99.734 71.210
618.000 99.730 71.370
619.000 99.788 70.820
620.000 99.726 71.500
621.000 99.800 71.460
622.000 99.798 71.830
623.000 99.768 71.350
624.000 99.780 71.050
625.000 99.810 71.680
626.000 99.796 71.510
627.000 99.780 71.780
628.000 99.800 71.330
629.000 99.776 71.440
630.000 99.736 71.590
631.000 99.722 71.160
632.000 99.800 71.450
633.000 99.776 71.260
634.000 99.784 70.760
635.000 99.788 71.150
636.000 99.776 71.060
637.000 99.714 71.050
638.000 99.808 71.350
639.000 99.824 71.460
640.000 99.746 71.180
641.000 99.792 71.370
642.000 99.842 70.950
643.000 99.774 71.150
644.000 99.826 71.030
645.000 99.770 71.270
646.000 99.724 71.140
647.000 99.760 70.990
648.000 99.768 71.070
649.000 99.794 71.550
650.000 99.758 71.620
651.000 99.748 71.580
652.000 99.760 71.470
653.000 99.798 71.090
654.000 99.820 72.030
655.000 99.806 71.650
656.000 99.804 71.620
657.000 99.828 71.750
658.000 99.796 72.060
659.000 99.740 71.590
660.000 99.808 71.740
661.000 99.804 71.140
662.000 99.818 71.490
663.000 99.834 71.280
664.000 99.830 71.670
665.000 99.852 71.870
666.000 99.846 71.600
667.000 99.838 71.510
668.000 99.830 71.590
669.000 99.838 71.550
670.000 99.822 71.280
671.000 99.852 71.710
672.000 99.780 71.500
673.000 99.816 71.340
674.000 99.798 71.090
675.000 99.834 71.610
676.000 99.834 71.750
677.000 99.800 71.670
678.000 99.800 71.290
679.000 99.836 71.870
680.000 99.788 71.670
681.000 99.814 71.420
682.000 99.860 71.850
683.000 99.818 71.600
684.000 99.842 71.590
685.000 99.806 71.380
686.000 99.836 71.130
687.000 99.852 71.420
688.000 99.824 71.100
689.000 99.882 71.270
690.000 99.868 71.340
691.000 99.858 71.590
692.000 99.804 71.660
693.000 99.878 71.510
694.000 99.838 71.260
695.000 99.830 71.480
696.000 99.874 71.500
697.000 99.846 71.490
698.000 99.800 71.530
699.000 99.830 71.470
700.000 99.854 71.570
701.000 99.840 71.270
702.000 99.828 71.130
703.000 99.860 71.610
704.000 99.866 71.570
705.000 99.822 71.830
706.000 99.876 71.420
707.000 99.816 71.300
708.000 99.822 71.490
709.000 99.886 71.590
710.000 99.882 71.740
711.000 99.840 71.370
712.000 99.796 71.480
713.000 99.866 71.800
714.000 99.846 71.370
715.000 99.884 71.770
716.000 99.824 71.400
717.000 99.880 71.760
718.000 99.862 71.480
719.000 99.882 71.800
720.000 99.840 71.470
721.000 99.864 71.980
722.000 99.900 71.210
723.000 99.882 71.000
724.000 99.910 71.590
725.000 99.836 71.390
726.000 99.870 71.830
727.000 99.884 72.000
728.000 99.896 71.850
729.000 99.904 71.700
730.000 99.900 71.690
731.000 99.868 71.970
732.000 99.856 71.550
733.000 99.856 71.820
734.000 99.882 71.820
735.000 99.890 71.670
736.000 99.868 71.570
737.000 99.874 71.630
738.000 99.872 71.570
739.000 99.902 71.770
740.000 99.894 71.980
741.000 99.852 71.810
742.000 99.886 71.850
743.000 99.882 71.810
744.000 99.926 71.870
745.000 99.902 71.760
746.000 99.856 71.950
747.000 99.900 71.660
748.000 99.888 72.070
749.000 99.870 71.790
750.000 99.886 71.970
751.000 99.882 71.930
752.000 99.894 71.730
753.000 99.886 71.840
754.000 99.874 71.820
755.000 99.886 71.690
756.000 99.926 71.480
757.000 99.878 71.560
758.000 99.886 71.530
759.000 99.880 71.800
760.000 99.914 71.620
761.000 99.900 71.700
762.000 99.912 71.550
763.000 99.896 71.800
764.000 99.866 71.580
765.000 99.912 71.860
766.000 99.896 71.810
767.000 99.898 71.660
768.000 99.920 71.580
769.000 99.892 71.730
770.000 99.862 71.190
771.000 99.916 71.580
772.000 99.892 71.610
773.000 99.910 71.730
774.000 99.888 71.770
775.000 99.886 71.040
776.000 99.912 71.600
777.000 99.866 71.390
778.000 99.900 71.630
779.000 99.888 71.840
780.000 99.882 71.670
781.000 99.880 71.480
782.000 99.884 71.520
783.000 99.940 71.610
784.000 99.924 71.780
785.000 99.896 71.560
786.000 99.910 71.730
787.000 99.904 71.600
788.000 99.924 71.470
789.000 99.896 71.500
790.000 99.886 71.710
791.000 99.900 71.700
792.000 99.918 71.750
793.000 99.938 71.640
794.000 99.926 71.880
795.000 99.888 71.730
796.000 99.936 71.510
797.000 99.900 71.650
798.000 99.888 71.250
799.000 99.888 71.610
800.000 99.918 71.920
801.000 99.920 71.700
802.000 99.944 71.810
803.000 99.920 71.860
804.000 99.926 71.300
805.000 99.930 71.370
806.000 99.922 71.880
807.000 99.930 71.590
808.000 99.890 71.850
809.000 99.950 71.560
810.000 99.924 71.860
811.000 99.882 71.260
812.000 99.918 72.110
813.000 99.922 71.590
814.000 99.928 71.760
815.000 99.896 72.000
816.000 99.920 71.980
817.000 99.918 71.790
818.000 99.900 71.580
819.000 99.928 71.340
820.000 99.938 71.400
821.000 99.924 71.750
822.000 99.912 71.500
823.000 99.918 71.970
824.000 99.896 71.700
825.000 99.938 71.290
826.000 99.936 71.580
827.000 99.928 71.590
828.000 99.934 71.850
829.000 99.914 71.620
830.000 99.926 72.090
831.000 99.884 71.980
832.000 99.926 71.700
833.000 99.920 71.730
834.000 99.888 71.790
835.000 99.926 72.160
836.000 99.946 71.800
837.000 99.938 72.050
838.000 99.932 71.670
839.000 99.922 71.630
840.000 99.926 71.400
841.000 99.928 71.920
842.000 99.940 71.950
843.000 99.936 72.060
844.000 99.906 71.810
845.000 99.940 71.640
846.000 99.928 71.660
847.000 99.930 71.930
848.000 99.954 71.820
849.000 99.916 71.790
850.000 99.928 71.670
851.000 99.942 72.140
852.000 99.946 71.740
853.000 99.938 71.600
854.000 99.936 71.640
855.000 99.946 71.740
856.000 99.944 71.850
857.000 99.944 72.080
858.000 99.948 71.900
859.000 99.938 71.570
860.000 99.928 71.890
861.000 99.930 71.720
862.000 99.938 72.110
863.000 99.930 71.570
864.000 99.946 71.930
865.000 99.932 71.460
866.000 99.922 72.100
867.000 99.942 72.070
868.000 99.944 71.800
869.000 99.948 71.860
870.000 99.910 71.590
871.000 99.938 71.790
872.000 99.936 71.990
873.000 99.952 71.880
874.000 99.940 72.250
875.000 99.942 71.870
876.000 99.902 71.500
877.000 99.948 72.140
878.000 99.938 71.880
879.000 99.962 72.070
880.000 99.938 72.160
881.000 99.928 71.750
882.000 99.944 72.100
883.000 99.924 71.590
884.000 99.932 71.650
885.000 99.962 71.740
886.000 99.958 71.720
887.000 99.926 71.430
888.000 99.930 71.880
889.000 99.952 71.390
890.000 99.916 71.540
891.000 99.956 72.170
892.000 99.944 72.350
893.000 99.940 72.150
894.000 99.934 71.530
895.000 99.956 72.010
896.000 99.944 71.790
897.000 99.946 72.000
898.000 99.948 71.810
899.000 99.968 71.680
900.000 99.934 71.880
901.000 99.972 71.810
902.000 99.968 71.970
903.000 99.940 71.550
904.000 99.946 71.870
905.000 99.942 71.470
906.000 99.946 71.980
907.000 99.962 72.030
908.000 99.952 71.920
909.000 99.966 72.040
910.000 99.938 71.400
911.000 99.960 72.300
912.000 99.948 72.270
913.000 99.946 71.800
914.000 99.956 71.710
915.000 99.966 72.290
916.000 99.956 72.170
917.000 99.950 72.030
918.000 99.972 71.950
919.000 99.954 71.870
920.000 99.948 71.740
921.000 99.952 71.680
922.000 99.958 72.120
923.000 99.962 71.850
924.000 99.958 71.750
925.000 99.962 71.600
926.000 99.970 71.810
927.000 99.948 72.170
928.000 99.974 71.690
929.000 99.970 72.050
930.000 99.980 72.200
931.000 99.934 71.880
932.000 99.964 71.950
933.000 99.958 71.840
934.000 99.966 72.170
935.000 99.958 71.870
936.000 99.960 71.820
937.000 99.974 71.750
938.000 99.946 71.930
939.000 99.956 72.210
940.000 99.960 71.520
941.000 99.958 72.160
942.000 99.972 72.110
943.000 99.958 71.960
944.000 99.968 72.150
945.000 99.970 71.750
946.000 99.956 72.080
947.000 99.952 71.650
948.000 99.970 71.940
949.000 99.968 71.360
950.000 99.962 71.890
951.000 99.944 72.010
952.000 99.974 72.110
953.000 99.968 71.920
954.000 99.968 72.000
955.000 99.964 71.960
956.000 99.966 71.630
957.000 99.970 71.700
958.000 99.950 71.930
959.000 99.964 71.520
960.000 99.976 72.050
961.000 99.966 71.830
962.000 99.960 71.740
963.000 99.970 71.410
964.000 99.976 71.970
965.000 99.968 71.800
966.000 99.960 71.460
967.000 99.964 71.620
968.000 99.966 71.740
969.000 99.982 71.600
970.000 99.966 71.920
971.000 99.950 71.820
972.000 99.960 72.040
973.000 99.968 72.030
974.000 99.972 71.750
975.000 99.978 72.000
976.000 99.978 71.940
977.000 99.972 72.050
978.000 99.960 71.890
979.000 99.970 71.940
980.000 99.974 72.400
981.000 99.972 72.050
982.000 99.968 71.460
983.000 99.968 71.850
984.000 99.972 71.870
985.000 99.966 71.710
986.000 99.986 71.840
987.000 99.970 71.660
988.000 99.968 72.100
989.000 99.964 72.280
990.000 99.970 72.080
991.000 99.976 72.060
992.000 99.980 72.050
993.000 99.964 71.860
994.000 99.972 72.200
995.000 99.976 71.980
996.000 99.968 71.940
997.000 99.976 72.150
998.000 99.970 71.840
999.000 99.976 72.110
1000.000 99.960 71.910
1001.000 99.972 71.960
1002.000 99.940 72.130
1003.000 99.978 72.160
1004.000 99.980 72.040
1005.000 99.968 72.190
1006.000 99.964 72.250
1007.000 99.968 72.030
1008.000 99.962 71.860
1009.000 99.950 72.080
1010.000 99.970 72.080
1011.000 99.974 72.100
1012.000 99.958 72.070
1013.000 99.968 71.890
1014.000 99.974 72.020
1015.000 99.956 72.080
1016.000 99.968 72.050
1017.000 99.968 72.090
1018.000 99.978 72.040
1019.000 99.968 71.820
1020.000 99.964 72.180
1021.000 99.968 71.860
1022.000 99.970 71.960
1023.000 99.960 72.010
1024.000 99.984 72.120
1025.000 99.974 71.930
1026.000 99.982 72.130
1027.000 99.986 71.820
1028.000 99.976 72.050
1029.000 99.972 71.950
1030.000 99.982 72.060
1031.000 99.980 72.080
1032.000 99.964 71.700
1033.000 99.976 72.100
1034.000 99.976 71.990
1035.000 99.984 71.900
1036.000 99.968 72.050
1037.000 99.966 71.820
1038.000 99.984 71.900
1039.000 99.982 72.230
1040.000 99.978 72.070
1041.000 99.974 71.880
1042.000 99.970 71.930
1043.000 99.984 71.960
1044.000 99.976 71.870
1045.000 99.986 71.860
1046.000 99.980 72.060
1047.000 99.976 71.800
1048.000 99.982 71.780
1049.000 99.980 71.760
1050.000 99.988 72.030
1051.000 99.972 72.110
1052.000 99.978 71.710
1053.000 99.978 71.560
1054.000 99.976 71.960
1055.000 99.988 72.070
1056.000 99.986 71.930
1057.000 99.974 72.100
1058.000 99.974 71.960
1059.000 99.938 71.690
1060.000 99.980 71.970
1061.000 99.982 71.690
1062.000 99.984 72.050
1063.000 99.972 71.890
1064.000 99.982 71.980
1065.000 99.986 71.840
1066.000 99.980 71.770
1067.000 99.988 71.860
1068.000 99.976 71.550
1069.000 99.980 72.180
1070.000 99.972 71.970
1071.000 99.988 71.990
1072.000 99.984 72.120
1073.000 99.970 72.110
1074.000 99.980 72.030
1075.000 99.980 71.650
1076.000 99.978 72.320
1077.000 99.988 71.950
1078.000 99.984 72.260
1079.000 99.990 72.000
1080.000 99.964 72.260
1081.000 99.978 72.140
1082.000 99.988 71.830
1083.000 99.976 71.910
1084.000 99.984 72.100
1085.000 99.978 71.850
1086.000 99.986 72.030
1087.000 99.978 71.980
1088.000 99.984 72.240
1089.000 99.974 72.070
1090.000 99.978 72.260
1091.000 99.978 72.110
1092.000 99.966 72.130
1093.000 99.982 72.100
1094.000 99.980 72.460
1095.000 99.984 71.960
1096.000 99.968 72.200
1097.000 99.982 72.400
1098.000 99.984 71.890
1099.000 99.982 72.240
1100.000 99.962 72.160
1101.000 99.988 72.140
1102.000 99.980 72.270
1103.000 99.978 72.510
1104.000 99.982 72.110
1105.000 99.994 72.180
1106.000 99.970 72.390
1107.000 99.978 72.210
1108.000 99.980 72.120
1109.000 99.976 72.060
1110.000 99.982 72.070
1111.000 99.986 72.060
1112.000 99.984 71.810
1113.000 99.982 72.290
1114.000 99.982 71.880
1115.000 99.970 72.530
1116.000 99.982 72.140
1117.000 99.990 72.380
1118.000 99.984 71.970
1119.000 99.984 72.060
1120.000 99.988 71.860
1121.000 99.976 72.060
1122.000 99.990 72.030
1123.000 99.976 71.910
1124.000 99.986 71.840
1125.000 99.986 72.050
1126.000 99.986 72.330
1127.000 99.980 72.060
1128.000 99.974 71.920
1129.000 99.984 71.990
1130.000 99.976 72.060
1131.000 99.984 72.150
1132.000 99.982 71.800
1133.000 99.986 72.080
1134.000 99.988 72.180
1135.000 99.984 72.050
1136.000 99.984 72.030
1137.000 99.992 71.870
1138.000 99.986 72.060
1139.000 99.990 71.940
1140.000 99.992 71.990
1141.000 99.996 71.830
1142.000 99.978 71.630
1143.000 99.986 71.850
1144.000 99.984 71.930
1145.000 99.986 71.870
1146.000 99.984 71.870
1147.000 99.990 71.900
1148.000 99.984 71.970
1149.000 99.982 72.180
1150.000 99.986 71.900
1151.000 99.994 72.250
1152.000 99.982 72.070
1153.000 99.988 71.910
1154.000 99.990 72.250
1155.000 99.998 71.690
1156.000 99.988 71.980
1157.000 99.972 71.970
1158.000 99.990 72.030
1159.000 99.990 71.880
1160.000 99.978 71.930
1161.000 99.994 71.930
1162.000 99.988 71.940
1163.000 99.988 72.070
1164.000 99.976 72.110
1165.000 99.984 72.060
1166.000 99.982 71.950
1167.000 99.986 72.050
1168.000 99.994 72.160
1169.000 99.992 71.840
1170.000 99.992 72.130
1171.000 99.978 72.120
1172.000 99.982 71.870
1173.000 99.990 71.890
1174.000 99.980 72.060
1175.000 99.992 71.950
1176.000 99.996 71.860
1177.000 99.978 72.000
1178.000 99.990 72.020
1179.000 99.992 72.170
1180.000 99.988 72.100
1181.000 99.994 71.800
1182.000 99.992 72.230
1183.000 99.986 71.750
1184.000 99.986 71.900
1185.000 99.986 71.840
1186.000 99.994 72.100
1187.000 99.994 72.080
1188.000 99.988 71.920
1189.000 99.992 71.940
1190.000 99.990 72.110
1191.000 99.996 72.190
1192.000 99.992 71.940
1193.000 99.992 71.930
1194.000 99.978 71.930
1195.000 99.994 72.140
1196.000 99.990 71.850
1197.000 99.990 71.870
1198.000 99.992 71.920
1199.000 99.980 71.930
1200.000 99.988 71.820
1201.000 99.994 71.910
1202.000 99.978 71.800
1203.000 99.992 71.850
1204.000 99.994 72.210
1205.000 99.984 72.120
1206.000 99.994 71.830
1207.000 99.986 71.850
1208.000 99.996 72.110
1209.000 99.990 72.180
1210.000 99.990 72.000
1211.000 99.996 72.110
1212.000 99.990 71.990
1213.000 99.994 72.210
1214.000 99.986 72.170
1215.000 99.992 71.910
1216.000 99.980 72.030
1217.000 99.990 72.040
1218.000 99.992 71.950
1219.000 99.998 71.820
1220.000 99.990 71.750
1221.000 99.988 71.870
1222.000 99.984 71.750
1223.000 99.990 72.130
1224.000 99.992 72.090
1225.000 99.994 72.030
1226.000 99.994 71.920
1227.000 99.980 72.120
1228.000 99.990 71.840
1229.000 99.996 72.160
1230.000 99.988 72.210
1231.000 99.986 72.020
1232.000 99.994 71.920
1233.000 99.990 72.130
1234.000 99.994 71.940
1235.000 99.986 72.020
1236.000 99.988 71.700
1237.000 99.996 72.010
1238.000 99.996 71.910
1239.000 99.992 72.050
1240.000 99.998 71.890
1241.000 99.992 72.040
1242.000 99.986 71.860
1243.000 99.996 71.950
1244.000 99.992 71.820
1245.000 99.988 72.190
1246.000 99.990 72.110
1247.000 99.988 72.110
1248.000 99.996 72.210
1249.000 99.988 72.280
1250.000 99.994 72.300
1251.000 99.996 72.220
1252.000 100.000 72.140
1253.000 99.988 72.030
1254.000 100.000 72.100
1255.000 99.986 71.850
1256.000 99.988 72.010
1257.000 99.994 71.950
1258.000 99.992 72.040
1259.000 99.992 71.910
1260.000 99.998 72.230
1261.000 99.990 72.020
1262.000 99.990 71.900
1263.000 99.990 71.890
1264.000 99.986 72.140
1265.000 99.996 71.770
1266.000 99.994 72.020
1267.000 99.994 72.140
1268.000 99.986 72.090
1269.000 99.986 72.010
1270.000 99.988 72.170
1271.000 99.990 71.930
1272.000 99.992 72.070
1273.000 99.996 72.010
1274.000 99.992 72.250
1275.000 99.986 72.070
1276.000 99.998 72.320
1277.000 99.992 72.210
1278.000 99.992 71.660
1279.000 99.994 72.280
1280.000 99.980 72.060
1281.000 99.984 71.920
1282.000 99.992 71.800
1283.000 99.994 71.950
1284.000 99.990 71.780
1285.000 99.988 72.020
1286.000 99.994 71.760
1287.000 99.990 72.130
1288.000 99.994 71.970
1289.000 99.990 71.970
1290.000 99.992 72.210
1291.000 99.994 72.180
1292.000 99.986 71.920
1293.000 99.994 71.830
1294.000 99.994 71.660
1295.000 99.996 72.080
1296.000 99.986 72.000
1297.000 99.990 71.940
1298.000 99.994 71.990
1299.000 99.994 72.060
1300.000 99.988 72.200
1301.000 99.996 72.070
1302.000 99.992 72.040
1303.000 99.984 72.150
1304.000 99.990 72.120
1305.000 99.998 72.410
1306.000 99.994 72.200
1307.000 99.992 72.200
1308.000 99.986 72.070
1309.000 99.996 72.350
1310.000 99.990 71.940
1311.000 99.998 72.360
1312.000 99.992 72.220
1313.000 99.998 72.120
1314.000 99.998 72.320
1315.000 99.992 71.760
1316.000 99.990 72.220
1317.000 99.994 72.070
1318.000 99.992 72.270
1319.000 99.994 72.350
1320.000 99.990 72.300
1321.000 99.988 71.830
1322.000 99.988 72.200
1323.000 99.998 72.250
1324.000 99.988 72.120
1325.000 99.992 72.040
1326.000 99.994 72.060
1327.000 99.998 71.950
1328.000 99.990 72.130
1329.000 99.994 71.950
1330.000 100.000 72.110
1331.000 99.996 72.120
1332.000 99.996 72.030
1333.000 99.994 72.230
1334.000 99.998 71.880
1335.000 99.998 72.180
1336.000 99.992 72.120
1337.000 99.994 72.000
1338.000 99.990 72.110
1339.000 99.984 72.170
1340.000 99.994 72.290
1341.000 99.996 72.230
1342.000 99.996 72.290
1343.000 99.996 72.170
1344.000 99.994 72.270
1345.000 99.988 72.020
1346.000 99.998 71.950
1347.000 99.998 71.930
1348.000 99.996 72.030
1349.000 99.990 72.210
1350.000 99.996 71.990
1351.000 99.996 72.090
1352.000 100.000 72.270
1353.000 100.000 72.140
1354.000 99.994 71.980
1355.000 99.996 72.090
1356.000 99.996 72.330
1357.000 99.996 72.080
1358.000 100.000 71.840
1359.000 99.992 71.810
1360.000 99.988 72.180
1361.000 99.998 72.180
1362.000 99.996 72.360
1363.000 99.990 71.990
1364.000 99.986 71.960
1365.000 99.994 71.860
1366.000 99.996 72.350
1367.000 99.990 72.080
1368.000 99.990 71.980
1369.000 99.992 72.150
1370.000 99.986 72.030
1371.000 99.992 71.850
1372.000 99.988 72.220
1373.000 99.982 71.780
1374.000 99.994 72.220
1375.000 99.994 72.150
1376.000 99.998 72.130
1377.000 99.996 72.170
1378.000 99.998 72.270
1379.000 99.988 71.880
1380.000 99.994 72.060
1381.000 99.992 72.190
1382.000 99.996 72.010
1383.000 99.998 72.150
1384.000 99.996 72.640
1385.000 99.996 72.200
1386.000 99.992 72.140
1387.000 99.992 72.320
1388.000 99.992 72.270
1389.000 100.000 72.310
1390.000 99.990 72.100
1391.000 99.996 72.320
1392.000 99.996 71.950
1393.000 99.998 72.270
1394.000 99.988 71.850
1395.000 99.990 72.390
1396.000 100.000 72.220
1397.000 99.998 72.080
1398.000 99.990 72.270
1399.000 99.994 72.330
1400.000 99.998 71.930
1401.000 99.998 72.250
1402.000 99.998 72.360
1403.000 99.996 72.360
1404.000 99.992 72.330
1405.000 99.998 72.060
1406.000 99.992 72.120
1407.000 99.996 72.190
1408.000 99.996 72.120
1409.000 99.994 71.930
1410.000 99.996 71.890
1411.000 99.998 72.220
1412.000 100.000 72.410
1413.000 99.994 72.390
1414.000 99.996 72.280
1415.000 99.992 72.000
1416.000 99.994 72.270
1417.000 99.998 72.150
1418.000 99.996 72.270
1419.000 99.994 72.350
1420.000 99.990 72.160
1421.000 99.996 72.050
1422.000 99.996 72.180
1423.000 100.000 71.900
1424.000 99.992 72.340
1425.000 99.994 71.960
1426.000 99.992 72.090
1427.000 100.000 72.330
1428.000 99.990 72.140
1429.000 99.998 72.130
1430.000 99.990 71.980
1431.000 99.998 72.100
1432.000 100.000 71.980
1433.000 100.000 72.050
1434.000 100.000 72.200
1435.000 99.996 71.960
1436.000 99.994 72.080
1437.000 99.996 72.180
1438.000 100.000 72.140
1439.000 99.998 72.330
1440.000 100.000 72.090
1441.000 99.994 72.250
1442.000 99.990 72.070
1443.000 99.998 72.380
1444.000 99.992 72.280
1445.000 99.994 72.170
1446.000 99.998 72.090
1447.000 99.996 72.290
1448.000 99.998 72.070
1449.000 100.000 72.170
1450.000 99.998 72.340
1451.000 99.994 72.060
1452.000 99.996 72.110
1453.000 99.994 72.380
1454.000 99.996 72.120
1455.000 99.988 72.150
1456.000 99.996 72.120
1457.000 99.996 72.220
1458.000 99.996 72.460
1459.000 99.998 72.390
1460.000 99.994 72.380
1461.000 99.996 72.190
1462.000 99.994 71.900
1463.000 99.994 72.030
1464.000 99.994 71.940
1465.000 99.996 71.980
1466.000 99.998 72.130
1467.000 99.990 72.010
1468.000 99.998 72.410
1469.000 99.996 72.400
1470.000 99.996 72.060
1471.000 99.996 72.240
1472.000 99.994 71.840
1473.000 99.998 72.030
1474.000 99.998 72.220
1475.000 99.996 71.980
1476.000 100.000 72.170
1477.000 99.990 71.960
1478.000 99.998 72.080
1479.000 99.996 72.130
1480.000 99.996 72.160
1481.000 100.000 72.500
1482.000 99.996 72.140
1483.000 99.996 72.130
1484.000 99.994 72.090
1485.000 100.000 72.190
1486.000 99.996 72.450
1487.000 99.998 72.070
1488.000 99.998 72.030
1489.000 99.998 72.080
1490.000 99.998 72.370
1491.000 99.998 71.950
1492.000 99.998 71.610
1493.000 99.998 72.070
1494.000 99.998 71.930
1495.000 99.998 72.160
1496.000 99.996 72.040
1497.000 99.996 72.050
1498.000 99.996 71.930
1499.000 99.992 72.180
1500.000 99.998 72.230
1501.000 99.996 72.050
1502.000 99.998 71.960
1503.000 99.996 72.070
1504.000 99.994 71.970
1505.000 100.000 72.060
1506.000 99.998 72.250
1507.000 99.996 72.140
1508.000 99.998 71.920
1509.000 99.998 72.270
1510.000 99.998 72.200
1511.000 99.998 72.170
1512.000 99.998 72.160
1513.000 99.996 72.100
1514.000 99.996 72.090
1515.000 99.996 72.190
1516.000 100.000 72.050
1517.000 99.994 72.130
1518.000 99.998 72.200
1519.000 99.998 71.990
1520.000 99.990 72.150
1521.000 99.996 72.100
1522.000 99.998 72.120
1523.000 99.998 72.330
1524.000 100.000 72.030
1525.000 99.994 72.130
1526.000 99.998 72.410
1527.000 99.998 72.100
1528.000 99.994 72.160
1529.000 99.994 72.130
1530.000 99.998 72.120
1531.000 100.000 72.170
1532.000 99.998 71.990
1533.000 100.000 71.990
1534.000 99.996 71.960
1535.000 99.998 72.170
1536.000 100.000 72.020
1537.000 99.998 71.900
1538.000 99.996 72.070
1539.000 99.996 72.020
1540.000 100.000 72.160
1541.000 99.996 72.150
1542.000 99.996 71.910
1543.000 100.000 72.060
1544.000 99.996 72.160
1545.000 100.000 72.050
1546.000 99.996 71.890
1547.000 99.998 72.050
1548.000 99.994 71.780
1549.000 99.996 71.800
1550.000 99.998 71.710
1551.000 99.996 72.030
1552.000 100.000 71.960
1553.000 99.992 72.230
1554.000 99.998 71.820
1555.000 100.000 71.880
1556.000 99.998 72.020
1557.000 99.998 71.900
1558.000 99.996 71.990
1559.000 99.998 71.940
1560.000 100.000 71.890
1561.000 99.996 71.790
1562.000 100.000 71.840
1563.000 99.992 72.110
1564.000 100.000 72.110
1565.000 100.000 72.070
1566.000 99.996 71.950
1567.000 99.998 72.080
1568.000 99.998 71.890
1569.000 100.000 72.010
1570.000 99.998 72.070
1571.000 99.994 72.090
1572.000 99.996 71.990
1573.000 99.998 71.930
1574.000 99.998 71.990
1575.000 99.998 71.940
1576.000 99.996 71.910
1577.000 100.000 71.900
1578.000 99.998 71.790
1579.000 100.000 71.930
1580.000 100.000 72.000
1581.000 99.998 71.860
1582.000 100.000 71.900
1583.000 99.994 71.870
1584.000 100.000 71.930
1585.000 100.000 72.090
1586.000 99.996 71.740
1587.000 99.994 72.390
1588.000 100.000 72.000
1589.000 100.000 71.980
1590.000 99.998 72.170
1591.000 99.998 72.240
1592.000 100.000 72.030
1593.000 100.000 72.160
1594.000 99.994 71.970
1595.000 99.998 72.400
1596.000 99.998 72.260
1597.000 100.000 72.190
1598.000 99.998 72.050
1599.000 99.998 72.100
1600.000 100.000 72.100
1601.000 99.996 71.970
1602.000 100.000 72.160
1603.000 99.994 71.930
1604.000 100.000 72.150
1605.000 99.998 72.120
1606.000 99.994 72.090
1607.000 99.998 72.400
1608.000 99.998 72.180
1609.000 99.996 72.170
1610.000 99.998 72.030
1611.000 99.996 72.200
1612.000 99.994 71.920
1613.000 99.996 71.750
1614.000 100.000 72.080
1615.000 99.996 72.160
1616.000 99.996 72.020
1617.000 100.000 71.740
1618.000 99.996 72.250
1619.000 99.994 72.090
1620.000 100.000 72.180
1621.000 99.998 72.120
1622.000 99.998 72.260
1623.000 99.996 72.310
1624.000 99.998 72.190
1625.000 99.998 72.120
1626.000 100.000 72.150
1627.000 99.998 71.910
1628.000 99.998 72.240
1629.000 99.996 72.060
1630.000 99.998 71.930
1631.000 100.000 72.000
1632.000 100.000 72.230
1633.000 100.000 72.060
1634.000 100.000 72.120
1635.000 100.000 72.310
1636.000 99.998 72.220
1637.000 99.998 72.250
1638.000 100.000 72.300
1639.000 99.996 72.250
1640.000 99.996 72.010
1641.000 99.998 71.960
1642.000 100.000 72.000
1643.000 99.998 72.200
1644.000 99.996 72.230
1645.000 100.000 72.050
1646.000 99.996 72.140
1647.000 99.998 72.240
1648.000 100.000 72.060
1649.000 99.998 71.990
1650.000 99.996 72.100
1651.000 99.996 72.040
1652.000 99.996 72.020
1653.000 100.000 71.870
1654.000 100.000 71.880
1655.000 100.000 72.200
1656.000 99.998 72.200
1657.000 100.000 72.160
1658.000 99.996 71.900
1659.000 99.994 71.810
1660.000 100.000 71.990
1661.000 100.000 72.150
1662.000 99.998 72.080
1663.000 99.998 71.950
1664.000 99.998 72.280
1665.000 99.996 72.050
1666.000 100.000 72.170
1667.000 100.000 72.250
1668.000 99.998 72.160
1669.000 99.994 72.190
1670.000 99.998 72.110
1671.000 99.998 72.510
1672.000 99.998 72.220
1673.000 100.000 71.910
1674.000 100.000 72.130
1675.000 100.000 72.120
1676.000 99.998 72.140
1677.000 99.998 72.320
1678.000 99.996 71.980
1679.000 100.000 72.370
1680.000 99.996 71.840
1681.000 100.000 72.030
1682.000 100.000 72.120
1683.000 99.996 72.130
1684.000 99.998 72.150
1685.000 99.998 72.010
1686.000 99.998 72.380
1687.000 99.998 72.340
1688.000 99.998 72.140
1689.000 99.998 72.260
1690.000 100.000 72.090
1691.000 100.000 71.970
1692.000 100.000 71.970
1693.000 100.000 72.240
1694.000 99.996 72.020
1695.000 99.996 72.140
1696.000 99.998 72.280
1697.000 100.000 72.110
1698.000 99.998 72.220
1699.000 99.996 72.160
1700.000 99.996 72.160
1701.000 99.998 72.240
1702.000 100.000 72.040
1703.000 100.000 72.220
1704.000 100.000 72.170
1705.000 100.000 71.910
1706.000 99.994 72.110
1707.000 99.998 72.100
1708.000 99.998 71.960
1709.000 100.000 72.220
1710.000 99.996 72.220
1711.000 99.998 72.250
1712.000 99.996 72.170
1713.000 99.998 71.950
1714.000 100.000 72.040
1715.000 99.998 72.070
1716.000 100.000 72.090
1717.000 99.998 72.130
1718.000 100.000 72.080
1719.000 100.000 71.910
1720.000 99.998 72.090
1721.000 99.998 72.220
1722.000 100.000 72.140
1723.000 99.996 71.940
1724.000 100.000 72.090
1725.000 100.000 72.110
1726.000 99.996 71.940
1727.000 100.000 72.080
1728.000 100.000 72.000
1729.000 100.000 72.350
1730.000 99.998 72.200
1731.000 100.000 72.070
1732.000 99.998 72.140
1733.000 100.000 71.920
1734.000 100.000 72.270
1735.000 99.998 72.250
1736.000 100.000 71.990
1737.000 99.998 71.970
1738.000 100.000 72.150
1739.000 100.000 72.040
1740.000 100.000 72.040
1741.000 99.998 72.070
1742.000 100.000 71.890
1743.000 100.000 72.220
1744.000 99.998 72.300
1745.000 99.998 72.090
1746.000 99.996 72.400
1747.000 99.998 72.140
1748.000 99.998 72.210
1749.000 100.000 72.100
1750.000 100.000 72.280
1751.000 100.000 72.010
1752.000 100.000 72.020
1753.000 100.000 71.880
1754.000 99.998 72.050
1755.000 99.998 71.820
1756.000 99.998 71.810
1757.000 99.998 71.740
1758.000 100.000 71.840
1759.000 100.000 72.000
1760.000 99.998 72.140
1761.000 100.000 71.920
1762.000 100.000 71.990
1763.000 100.000 71.880
1764.000 99.998 72.050
1765.000 100.000 72.110
1766.000 99.998 72.250
1767.000 99.998 72.150
1768.000 100.000 72.050
1769.000 99.996 72.080
1770.000 99.998 72.030
1771.000 100.000 72.290
1772.000 99.998 72.210
1773.000 100.000 72.190
1774.000 100.000 72.170
1775.000 99.998 72.150
1776.000 99.996 72.270
1777.000 99.998 72.050
1778.000 100.000 72.200
1779.000 99.994 72.080
1780.000 100.000 72.140
1781.000 100.000 72.000
1782.000 100.000 72.100
1783.000 100.000 71.930
1784.000 100.000 72.170
1785.000 100.000 71.920
1786.000 99.998 72.140
1787.000 99.998 71.860
1788.000 99.998 71.920
1789.000 99.998 71.760
1790.000 99.998 72.050
1791.000 99.998 72.170
1792.000 99.998 71.990
1793.000 99.994 71.970
1794.000 99.998 72.150
1795.000 99.998 71.770
1796.000 99.998 71.990
1797.000 100.000 71.890
1798.000 99.998 72.020
1799.000 99.998 72.170
1800.000 100.000 72.210
1801.000 99.996 72.080
1802.000 100.000 72.000
1803.000 100.000 72.030
1804.000 100.000 71.820
1805.000 99.998 71.900
1806.000 100.000 72.060
1807.000 99.996 71.660
1808.000 99.998 71.960
1809.000 100.000 71.860
1810.000 100.000 72.030
1811.000 99.994 71.740
1812.000 100.000 72.240
1813.000 99.998 72.120
1814.000 99.998 72.070
1815.000 99.998 71.880
1816.000 100.000 72.260
1817.000 99.998 71.950
1818.000 99.998 71.890
1819.000 99.998 72.010
1820.000 99.998 72.090
1821.000 100.000 72.210
1822.000 100.000 71.860
1823.000 100.000 72.160
1824.000 100.000 72.070
1825.000 99.998 72.110
1826.000 99.996 72.180
1827.000 99.998 72.040
1828.000 99.996 71.870
1829.000 100.000 71.980
1830.000 99.996 72.000
1831.000 99.998 71.970
1832.000 99.998 72.300
1833.000 99.996 72.180
1834.000 99.998 71.890
1835.000 100.000 71.960
1836.000 99.998 72.200
1837.000 100.000 72.000
1838.000 99.996 72.120
1839.000 100.000 71.980
1840.000 99.996 72.060
1841.000 100.000 72.120
1842.000 100.000 72.170
1843.000 100.000 72.090
1844.000 99.994 71.830
1845.000 100.000 72.260
1846.000 100.000 72.160
1847.000 100.000 72.140
1848.000 100.000 71.970
1849.000 100.000 71.890
1850.000 100.000 71.940
1851.000 100.000 72.120
1852.000 100.000 72.050
1853.000 100.000 72.210
1854.000 100.000 72.160
1855.000 100.000 72.210
1856.000 99.998 72.070
1857.000 100.000 72.040
1858.000 100.000 72.130
1859.000 100.000 71.950
1860.000 99.998 72.210
1861.000 100.000 71.930
1862.000 100.000 71.950
1863.000 100.000 72.120
1864.000 99.998 72.000
1865.000 100.000 72.050
1866.000 100.000 72.120
1867.000 100.000 72.180
1868.000 100.000 72.100
1869.000 99.996 72.380
1870.000 100.000 72.070
1871.000 100.000 72.190
1872.000 100.000 72.040
1873.000 100.000 72.130
1874.000 100.000 72.170
1875.000 100.000 72.210
1876.000 100.000 72.300
1877.000 100.000 72.170
1878.000 100.000 72.110
1879.000 100.000 72.170
1880.000 100.000 72.190
1881.000 100.000 72.210
1882.000 100.000 72.080
1883.000 100.000 72.190
1884.000 100.000 72.360
1885.000 100.000 72.310
1886.000 100.000 72.050
1887.000 99.998 72.170
1888.000 100.000 72.150
1889.000 100.000 72.140
1890.000 100.000 71.980
1891.000 100.000 71.990
1892.000 99.998 72.030
1893.000 100.000 72.120
1894.000 100.000 72.180
1895.000 99.998 71.880
1896.000 100.000 72.030
1897.000 100.000 72.090
1898.000 99.998 72.300
1899.000 99.998 72.180
1900.000 100.000 72.380
1901.000 100.000 72.250
1902.000 99.998 72.230
1903.000 100.000 72.270
1904.000 100.000 72.140
1905.000 100.000 72.100
1906.000 100.000 72.130
1907.000 99.998 71.880
1908.000 100.000 72.230
1909.000 99.998 71.960
1910.000 100.000 72.020
1911.000 99.998 72.230
1912.000 100.000 72.420
1913.000 99.998 72.340
1914.000 100.000 72.430
1915.000 100.000 72.090
1916.000 100.000 71.950
1917.000 100.000 72.290
1918.000 99.998 72.200
1919.000 100.000 72.210
1920.000 100.000 72.060
1921.000 99.998 72.270
1922.000 100.000 72.270
1923.000 99.998 72.300
1924.000 100.000 72.230
1925.000 99.996 72.180
1926.000 99.998 72.150
1927.000 100.000 72.150
1928.000 99.998 72.080
1929.000 100.000 72.360
1930.000 100.000 72.090
1931.000 99.998 72.170
1932.000 100.000 72.250
1933.000 100.000 72.570
1934.000 100.000 72.130
1935.000 99.998 72.140
1936.000 99.994 72.080
1937.000 100.000 72.080
1938.000 100.000 72.350
1939.000 100.000 72.300
1940.000 100.000 72.300
1941.000 100.000 72.230
1942.000 99.996 72.250
1943.000 100.000 72.300
1944.000 99.998 72.280
1945.000 100.000 72.180
1946.000 99.998 72.240
1947.000 100.000 72.130
1948.000 99.998 72.170
1949.000 100.000 72.140
1950.000 100.000 72.070
1951.000 100.000 72.160
1952.000 99.998 71.880
1953.000 100.000 72.100
1954.000 99.998 72.130
1955.000 100.000 72.170
1956.000 100.000 72.370
1957.000 99.998 72.290
1958.000 100.000 72.140
1959.000 100.000 72.300
1960.000 100.000 72.150
1961.000 100.000 72.060
1962.000 100.000 72.080
1963.000 100.000 72.290
1964.000 100.000 71.810
1965.000 100.000 71.890
1966.000 100.000 72.240
1967.000 99.998 72.130
1968.000 100.000 72.000
1969.000 100.000 72.160
1970.000 100.000 72.360
1971.000 100.000 72.190
1972.000 100.000 72.170
1973.000 99.998 72.370
1974.000 100.000 72.080
1975.000 99.998 72.010
1976.000 100.000 72.090
1977.000 100.000 72.150
1978.000 100.000 72.470
1979.000 99.996 72.390
1980.000 99.998 72.200
1981.000 100.000 72.330
1982.000 99.994 72.230
1983.000 100.000 72.360
1984.000 99.998 72.250
1985.000 100.000 72.140
1986.000 100.000 72.410
1987.000 100.000 72.360
1988.000 100.000 72.390
1989.000 100.000 72.370
1990.000 100.000 72.350
1991.000 99.996 72.280
1992.000 100.000 72.250
1993.000 100.000 72.270
1994.000 100.000 72.190
1995.000 100.000 72.590
1996.000 100.000 72.410
1997.000 99.998 72.350
1998.000 99.998 72.490
1999.000 100.000 72.390
2000.000 100.000 72.570
2001.000 99.998 72.390
2002.000 100.000 72.220
2003.000 100.000 72.150
2004.000 99.998 72.160
2005.000 99.998 72.330
2006.000 100.000 72.010
2007.000 99.998 72.150
2008.000 99.998 72.180
2009.000 100.000 72.150
2010.000 99.996 72.110
2011.000 100.000 72.250
2012.000 100.000 72.330
2013.000 100.000 72.280
2014.000 100.000 72.110
2015.000 99.998 72.460
2016.000 100.000 72.470
2017.000 100.000 72.330
2018.000 100.000 72.100
2019.000 100.000 72.110
2020.000 100.000 72.170
2021.000 100.000 72.340
2022.000 100.000 72.480
2023.000 99.998 72.270
2024.000 100.000 72.010
2025.000 100.000 72.200
2026.000 100.000 72.060
2027.000 100.000 72.030
2028.000 100.000 72.270
2029.000 100.000 72.350
2030.000 100.000 72.170
2031.000 100.000 72.240
2032.000 100.000 72.160
2033.000 99.996 72.190
2034.000 100.000 72.420
2035.000 100.000 72.260
2036.000 100.000 72.320
2037.000 100.000 71.920
2038.000 100.000 72.160
2039.000 99.996 72.230
2040.000 100.000 72.220
2041.000 100.000 72.180
2042.000 100.000 72.150
2043.000 100.000 72.090
2044.000 99.998 72.090
2045.000 99.998 72.080
2046.000 100.000 72.060
2047.000 100.000 72.220
2048.000 100.000 72.060
2049.000 100.000 72.100
2050.000 100.000 72.000
2051.000 100.000 72.320
2052.000 100.000 72.290
2053.000 100.000 72.320
2054.000 100.000 72.130
2055.000 100.000 72.080
2056.000 100.000 72.400
2057.000 100.000 72.200
2058.000 99.998 72.270
2059.000 100.000 72.340
2060.000 100.000 72.090
2061.000 100.000 72.280
2062.000 100.000 72.030
2063.000 100.000 72.330
2064.000 99.998 72.120
2065.000 100.000 72.300
2066.000 100.000 72.390
2067.000 100.000 72.270
2068.000 100.000 72.150
2069.000 100.000 72.200
2070.000 100.000 72.140
2071.000 100.000 72.150
2072.000 100.000 72.030
2073.000 100.000 72.180
2074.000 100.000 72.210
2075.000 100.000 72.230
2076.000 100.000 72.160
2077.000 100.000 71.980
2078.000 99.998 72.410
2079.000 100.000 72.140
2080.000 100.000 72.410
2081.000 100.000 72.380
2082.000 100.000 72.480
2083.000 100.000 72.460
2084.000 100.000 72.400
2085.000 100.000 72.530
2086.000 100.000 72.180
2087.000 100.000 72.120
2088.000 100.000 72.110
2089.000 100.000 72.240
2090.000 100.000 72.110
2091.000 100.000 72.050
2092.000 100.000 72.300
2093.000 100.000 72.150
2094.000 100.000 72.190
2095.000 100.000 72.440
2096.000 100.000 72.340
2097.000 100.000 72.260
2098.000 100.000 72.180
2099.000 100.000 72.320
2100.000 100.000 72.150
2101.000 100.000 72.180
2102.000 100.000 72.130
2103.000 100.000 72.110
2104.000 100.000 72.230
2105.000 100.000 72.320
2106.000 99.998 72.420
2107.000 100.000 72.390
2108.000 100.000 72.360
2109.000 99.998 72.030
2110.000 100.000 72.170
2111.000 100.000 72.320
2112.000 100.000 72.190
2113.000 100.000 72.150
2114.000 100.000 72.240
2115.000 100.000 72.280
2116.000 100.000 72.460
2117.000 100.000 72.400
2118.000 100.000 72.120
2119.000 99.998 72.150
2120.000 100.000 72.300
2121.000 100.000 72.120
2122.000 100.000 72.170
2123.000 100.000 72.190
2124.000 100.000 72.160
2125.000 100.000 72.360
2126.000 100.000 72.210
2127.000 100.000 72.330
2128.000 99.998 72.310
2129.000 100.000 72.370
2130.000 100.000 72.420
2131.000 100.000 72.120
2132.000 100.000 72.420
2133.000 100.000 72.370
2134.000 100.000 72.440
2135.000 100.000 72.360
2136.000 100.000 72.400
2137.000 100.000 72.390
2138.000 100.000 72.240
2139.000 100.000 72.350
2140.000 100.000 72.550
2141.000 100.000 72.380
2142.000 100.000 72.350
2143.000 100.000 72.460
2144.000 100.000 72.250
2145.000 100.000 72.500
2146.000 100.000 72.290
2147.000 100.000 72.560
2148.000 100.000 72.400
2149.000 100.000 72.470
2150.000 100.000 72.640
2151.000 99.998 72.440
2152.000 100.000 72.530
2153.000 100.000 72.450
2154.000 100.000 72.500
2155.000 100.000 72.200
2156.000 100.000 72.240
2157.000 100.000 72.340
2158.000 100.000 72.160
2159.000 99.998 72.440
2160.000 100.000 72.250
2161.000 100.000 72.350
2162.000 100.000 72.140
2163.000 100.000 72.090
2164.000 100.000 72.310
2165.000 100.000 72.400
2166.000 100.000 72.440
2167.000 100.000 72.390
2168.000 100.000 72.340
2169.000 100.000 72.220
2170.000 100.000 72.280
2171.000 100.000 72.410
2172.000 99.998 72.190
2173.000 100.000 72.250
2174.000 99.998 72.160
2175.000 100.000 72.140
2176.000 100.000 71.980
2177.000 100.000 72.140
2178.000 100.000 72.160
2179.000 100.000 72.100
2180.000 100.000 72.020
2181.000 100.000 72.250
2182.000 100.000 72.350
2183.000 100.000 72.310
2184.000 100.000 72.140
2185.000 100.000 72.230
2186.000 100.000 72.330
2187.000 100.000 72.450
2188.000 100.000 72.380
2189.000 100.000 72.190
2190.000 100.000 72.080
2191.000 99.998 72.350
2192.000 100.000 72.260
2193.000 100.000 71.930
2194.000 100.000 72.130
2195.000 100.000 72.190
2196.000 100.000 72.150
2197.000 99.998 72.010
2198.000 100.000 72.130
2199.000 100.000 72.100
2200.000 99.998 72.010
2201.000 100.000 72.120
2202.000 100.000 72.240
2203.000 100.000 72.240
2204.000 100.000 72.210
2205.000 100.000 72.110
2206.000 100.000 72.300
2207.000 100.000 72.350
2208.000 100.000 72.360
2209.000 100.000 72.340
2210.000 100.000 72.390
2211.000 100.000 72.250
2212.000 99.998 72.140
2213.000 100.000 72.200
2214.000 100.000 72.310
2215.000 99.998 72.240
2216.000 100.000 72.150
2217.000 100.000 72.360
2218.000 100.000 72.330
2219.000 100.000 72.180
2220.000 100.000 72.150
2221.000 100.000 72.420
2222.000 100.000 72.070
2223.000 100.000 72.150
2224.000 100.000 72.090
2225.000 100.000 72.270
2226.000 100.000 72.130
2227.000 100.000 72.150
2228.000 100.000 72.080
2229.000 100.000 72.260
2230.000 100.000 72.100
2231.000 100.000 72.180
2232.000 100.000 72.110
2233.000 100.000 72.120
2234.000 100.000 72.310
2235.000 100.000 72.060
2236.000 100.000 72.150
2237.000 100.000 72.230
2238.000 100.000 72.370
2239.000 100.000 72.280
2240.000 100.000 72.100
2241.000 100.000 72.270
2242.000 100.000 72.350
2243.000 100.000 72.310
2244.000 100.000 72.440
2245.000 100.000 72.130
2246.000 100.000 72.160
2247.000 100.000 72.090
2248.000 100.000 72.060
2249.000 100.000 72.260
2250.000 100.000 72.160
2251.000 100.000 72.120
2252.000 100.000 72.210
2253.000 100.000 72.290
2254.000 100.000 72.370
2255.000 100.000 72.250
2256.000 100.000 72.240
2257.000 100.000 72.250
2258.000 100.000 72.310
2259.000 100.000 72.120
2260.000 100.000 72.320
2261.000 100.000 72.180
2262.000 100.000 72.300
2263.000 99.998 72.130
2264.000 100.000 72.230
2265.000 100.000 72.190
2266.000 100.000 72.120
2267.000 100.000 72.050
2268.000 100.000 72.080
2269.000 100.000 72.270
2270.000 100.000 72.330
2271.000 100.000 72.370
2272.000 100.000 72.290
2273.000 100.000 72.170
2274.000 100.000 71.970
2275.000 100.000 72.220
2276.000 100.000 72.180
2277.000 100.000 72.400
2278.000 100.000 72.470
2279.000 100.000 72.190
2280.000 100.000 72.310
2281.000 100.000 72.350
2282.000 100.000 72.300
2283.000 100.000 72.310
2284.000 100.000 72.130
2285.000 100.000 72.280
2286.000 100.000 72.340
2287.000 100.000 72.390
2288.000 100.000 72.230
2289.000 100.000 72.470
2290.000 100.000 72.460
2291.000 100.000 72.230
2292.000 100.000 72.180
2293.000 100.000 72.190
2294.000 100.000 72.280
2295.000 100.000 72.120
2296.000 100.000 72.060
2297.000 100.000 72.160
2298.000 100.000 72.260
2299.000 100.000 72.240
2300.000 100.000 72.350
2301.000 100.000 72.300
2302.000 100.000 72.320
2303.000 100.000 72.370
2304.000 100.000 72.350
2305.000 100.000 72.340
2306.000 100.000 72.100
2307.000 99.998 72.100
2308.000 100.000 72.250
2309.000 100.000 72.220
2310.000 100.000 72.070
2311.000 100.000 72.180
2312.000 100.000 72.180
2313.000 100.000 72.270
2314.000 100.000 72.440
2315.000 100.000 72.210
2316.000 100.000 71.880
2317.000 100.000 72.040
2318.000 100.000 72.120
2319.000 100.000 72.320
2320.000 100.000 72.290
2321.000 100.000 72.170
2322.000 100.000 72.240
2323.000 100.000 72.300
2324.000 100.000 72.310
2325.000 100.000 72.410
2326.000 100.000 72.340
2327.000 100.000 72.170
2328.000 100.000 72.390
2329.000 100.000 72.230
2330.000 100.000 72.290
2331.000 100.000 72.290
2332.000 100.000 72.280
2333.000 100.000 72.320
2334.000 100.000 72.240
2335.000 99.998 72.130
2336.000 100.000 72.290
2337.000 100.000 72.310
2338.000 100.000 72.280
2339.000 100.000 72.340
2340.000 100.000 72.200
2341.000 100.000 72.170
2342.000 100.000 72.140
2343.000 100.000 72.180
2344.000 100.000 72.210
2345.000 100.000 72.240
2346.000 100.000 72.320
2347.000 100.000 72.290
2348.000 100.000 72.380
2349.000 100.000 72.230
2350.000 100.000 72.310
2351.000 100.000 72.200
2352.000 100.000 72.200
2353.000 100.000 72.380
2354.000 100.000 72.360
2355.000 100.000 72.240
2356.000 100.000 71.910
2357.000 100.000 72.130
2358.000 100.000 72.210
2359.000 100.000 72.250
2360.000 100.000 72.290
2361.000 100.000 72.070
2362.000 100.000 72.400
2363.000 100.000 72.080
2364.000 100.000 72.190
2365.000 100.000 72.110
2366.000 100.000 72.250
2367.000 100.000 72.240
2368.000 100.000 72.390
2369.000 100.000 72.270
2370.000 100.000 72.340
2371.000 100.000 72.140
2372.000 100.000 71.780
2373.000 100.000 72.010
2374.000 100.000 72.210
2375.000 100.000 72.280
2376.000 100.000 72.120
2377.000 100.000 71.990
2378.000 100.000 72.060
2379.000 100.000 72.090
2380.000 100.000 72.180
2381.000 100.000 72.200
2382.000 99.998 72.130
2383.000 100.000 72.110
2384.000 100.000 71.960
2385.000 100.000 72.370
2386.000 100.000 72.140
2387.000 100.000 72.120
2388.000 100.000 72.150
2389.000 100.000 72.210
2390.000 100.000 72.240
2391.000 100.000 72.150
2392.000 100.000 72.120
2393.000 100.000 72.040
2394.000 100.000 71.950
2395.000 100.000 72.260
2396.000 100.000 72.190
2397.000 100.000 72.200
2398.000 100.000 72.240
2399.000 99.998 72.480
2400.000 100.000 72.350
2401.000 100.000 72.280
2402.000 100.000 72.260
2403.000 100.000 72.110
2404.000 100.000 72.030
2405.000 100.000 72.000
2406.000 100.000 72.030
2407.000 100.000 72.220
2408.000 100.000 72.050
2409.000 100.000 72.120
2410.000 100.000 72.310
2411.000 100.000 72.240
2412.000 100.000 72.160
2413.000 100.000 72.110
2414.000 100.000 72.320
2415.000 100.000 72.080
2416.000 100.000 72.250
2417.000 100.000 72.160
2418.000 100.000 72.070
2419.000 100.000 72.070
2420.000 100.000 72.160
2421.000 99.998 72.170
2422.000 100.000 72.230
2423.000 100.000 72.390
2424.000 100.000 72.130
2425.000 100.000 72.570
2426.000 100.000 72.260
2427.000 100.000 72.150
2428.000 100.000 72.510
2429.000 100.000 72.380
2430.000 100.000 72.320
2431.000 100.000 72.300
2432.000 100.000 72.240
2433.000 100.000 72.430
2434.000 100.000 72.120
2435.000 100.000 72.100
2436.000 100.000 72.410
2437.000 100.000 72.190
2438.000 100.000 72.230
2439.000 100.000 72.030
2440.000 100.000 72.170
2441.000 100.000 72.300
2442.000 100.000 72.250
2443.000 100.000 72.280
2444.000 100.000 72.080
2445.000 100.000 72.270
2446.000 100.000 72.200
2447.000 100.000 72.260
2448.000 100.000 72.350
2449.000 100.000 72.050
2450.000 100.000 72.350
2451.000 100.000 72.200
2452.000 100.000 72.140
2453.000 100.000 72.190
2454.000 100.000 72.330
2455.000 100.000 72.280
2456.000 100.000 72.220
2457.000 100.000 72.120
2458.000 100.000 72.200
2459.000 100.000 72.190
2460.000 99.998 72.280
2461.000 100.000 72.400
2462.000 100.000 72.260
2463.000 100.000 72.560
2464.000 100.000 72.130
2465.000 100.000 72.260
2466.000 100.000 72.010
2467.000 100.000 72.250
2468.000 100.000 72.120
2469.000 100.000 72.140
2470.000 100.000 72.510
2471.000 100.000 72.510
2472.000 100.000 72.160
2473.000 100.000 72.220
2474.000 100.000 72.230
2475.000 100.000 72.330
2476.000 100.000 72.320
2477.000 100.000 72.170
2478.000 100.000 72.290
2479.000 100.000 72.350
2480.000 100.000 72.230
2481.000 100.000 72.470
2482.000 100.000 72.330
2483.000 100.000 72.060
2484.000 100.000 72.320
2485.000 99.998 72.410
2486.000 100.000 72.280
2487.000 100.000 72.190
2488.000 100.000 72.230
2489.000 100.000 72.200
2490.000 100.000 72.350
2491.000 100.000 72.410
2492.000 100.000 72.350
2493.000 100.000 72.330
2494.000 100.000 72.360
2495.000 100.000 72.370
2496.000 100.000 72.270
2497.000 100.000 72.030
2498.000 100.000 72.160
2499.000 100.000 72.160
2500.000 100.000 72.070
2501.000 100.000 72.070
2502.000 100.000 72.010
2503.000 100.000 72.070
2504.000 100.000 72.260
2505.000 100.000 72.110
2506.000 100.000 72.330
2507.000 100.000 72.170
2508.000 100.000 72.130
2509.000 100.000 72.330
2510.000 100.000 72.240
2511.000 99.998 72.030
2512.000 100.000 72.290
2513.000 100.000 72.210
2514.000 100.000 72.140
2515.000 100.000 72.200
2516.000 100.000 72.450
2517.000 100.000 72.330
2518.000 100.000 72.220
2519.000 100.000 72.290
2520.000 100.000 72.180
2521.000 100.000 72.110
2522.000 100.000 72.160
2523.000 100.000 72.130
2524.000 100.000 72.150
2525.000 100.000 72.070
2526.000 100.000 72.170
2527.000 99.998 72.280
2528.000 100.000 72.300
2529.000 100.000 72.330
2530.000 100.000 72.210
2531.000 100.000 72.260
2532.000 100.000 72.290
2533.000 100.000 72.050
2534.000 100.000 72.440
2535.000 100.000 72.130
2536.000 100.000 72.210
2537.000 100.000 72.340
2538.000 100.000 72.330
2539.000 99.998 72.440
2540.000 100.000 72.550
2541.000 100.000 72.390
2542.000 100.000 72.470
2543.000 100.000 72.270
2544.000 100.000 72.380
2545.000 100.000 72.230
2546.000 100.000 72.310
2547.000 100.000 72.270
2548.000 100.000 72.420
2549.000 100.000 72.290
2550.000 99.998 72.110
2551.000 100.000 72.270
2552.000 100.000 72.410
2553.000 100.000 72.350
2554.000 100.000 72.450
2555.000 100.000 72.340
2556.000 100.000 72.360
2557.000 100.000 72.230
2558.000 99.998 72.340
2559.000 100.000 72.400
2560.000 100.000 72.420
2561.000 100.000 72.340
2562.000 100.000 72.130
2563.000 100.000 72.230
2564.000 100.000 72.500
2565.000 100.000 72.390
2566.000 100.000 72.320
2567.000 100.000 72.460
2568.000 100.000 72.430
2569.000 100.000 72.340
2570.000 100.000 72.420
2571.000 100.000 72.320
2572.000 100.000 72.420
2573.000 100.000 72.460
2574.000 100.000 72.260
2575.000 100.000 72.430
2576.000 100.000 72.400
2577.000 100.000 72.080
2578.000 100.000 72.440
2579.000 100.000 72.230
2580.000 100.000 72.260
2581.000 100.000 72.360
2582.000 100.000 72.190
2583.000 100.000 72.190
2584.000 100.000 72.200
2585.000 100.000 72.310
2586.000 100.000 72.230
2587.000 100.000 72.420
2588.000 100.000 72.380
2589.000 100.000 72.330
2590.000 100.000 72.330
2591.000 100.000 72.240
2592.000 100.000 72.150
2593.000 100.000 72.190
2594.000 100.000 72.180
2595.000 100.000 72.340
2596.000 100.000 72.280
2597.000 100.000 72.340
2598.000 100.000 72.510
2599.000 100.000 72.290
2600.000 100.000 72.300
2601.000 100.000 72.320
2602.000 100.000 72.270
2603.000 100.000 72.150
2604.000 100.000 72.080
2605.000 100.000 72.120
2606.000 100.000 71.960
2607.000 100.000 72.230
2608.000 100.000 72.310
2609.000 100.000 72.310
2610.000 100.000 72.350
2611.000 100.000 72.450
2612.000 100.000 72.250
2613.000 100.000 72.160
2614.000 100.000 72.260
2615.000 100.000 72.350
2616.000 100.000 72.280
2617.000 100.000 72.110
2618.000 100.000 72.260
2619.000 100.000 72.470
2620.000 100.000 72.200
2621.000 100.000 72.230
2622.000 100.000 72.060
2623.000 100.000 72.220
2624.000 100.000 72.220
2625.000 100.000 72.130
2626.000 100.000 72.350
2627.000 100.000 72.100
2628.000 100.000 72.040
2629.000 100.000 72.240
2630.000 100.000 72.250
2631.000 100.000 72.260
2632.000 100.000 72.110
2633.000 100.000 72.090
2634.000 100.000 71.880
2635.000 100.000 72.240
2636.000 100.000 72.120
2637.000 100.000 72.180
2638.000 100.000 72.040
2639.000 100.000 72.360
2640.000 100.000 72.310
2641.000 100.000 72.080
2642.000 100.000 72.300
2643.000 100.000 72.120
2644.000 100.000 72.130
2645.000 100.000 72.020
2646.000 100.000 72.070
2647.000 100.000 72.210
2648.000 100.000 72.040
2649.000 100.000 72.280
2650.000 100.000 72.350
2651.000 100.000 72.270
2652.000 100.000 72.390
2653.000 100.000 72.280
2654.000 100.000 72.000
2655.000 100.000 72.180
2656.000 100.000 72.250
2657.000 100.000 72.100
2658.000 100.000 72.090
2659.000 100.000 72.100
2660.000 100.000 72.160
2661.000 100.000 72.310
2662.000 100.000 72.230
2663.000 100.000 72.080
2664.000 100.000 72.230
2665.000 100.000 72.470
2666.000 100.000 72.000
2667.000 100.000 72.150
2668.000 100.000 72.250
2669.000 100.000 72.310
2670.000 100.000 72.120
2671.000 100.000 72.070
2672.000 100.000 71.980
2673.000 100.000 72.110
2674.000 100.000 72.000
2675.000 100.000 72.150
2676.000 100.000 72.270
2677.000 100.000 72.040
2678.000 100.000 72.360
2679.000 100.000 72.000
2680.000 100.000 72.300
2681.000 100.000 72.230
2682.000 100.000 72.160
2683.000 100.000 72.230
2684.000 100.000 72.110
2685.000 100.000 72.240
2686.000 100.000 72.170
2687.000 100.000 72.180
2688.000 100.000 72.070
2689.000 100.000 72.240
2690.000 99.998 72.030
2691.000 100.000 72.160
2692.000 100.000 72.280
2693.000 100.000 72.100
2694.000 100.000 72.330
2695.000 100.000 72.180
2696.000 100.000 72.130
2697.000 100.000 72.170
2698.000 100.000 72.120
2699.000 100.000 72.360
2700.000 100.000 72.230
2701.000 100.000 72.200
2702.000 100.000 72.180
2703.000 100.000 72.310
2704.000 100.000 72.210
2705.000 100.000 72.170
2706.000 100.000 72.230
2707.000 100.000 72.230
2708.000 100.000 72.080
2709.000 100.000 72.260
2710.000 100.000 72.070
2711.000 100.000 72.250
2712.000 100.000 72.460
2713.000 100.000 72.300
2714.000 100.000 72.320
2715.000 100.000 72.120
2716.000 100.000 72.170
2717.000 100.000 72.320
2718.000 100.000 72.400
2719.000 100.000 72.330
2720.000 100.000 72.340
2721.000 100.000 72.320
2722.000 99.998 72.380
2723.000 100.000 72.300
2724.000 100.000 72.290
2725.000 100.000 72.270
2726.000 100.000 72.190
2727.000 100.000 72.180
2728.000 100.000 72.010
2729.000 100.000 72.150
2730.000 100.000 72.360
2731.000 100.000 72.290
2732.000 100.000 72.210
2733.000 100.000 72.120
2734.000 100.000 72.170
2735.000 100.000 72.200
2736.000 100.000 72.150
2737.000 100.000 72.270
2738.000 100.000 72.440
2739.000 100.000 72.240
2740.000 100.000 72.210
2741.000 100.000 72.100
2742.000 100.000 72.380
2743.000 100.000 72.140
2744.000 100.000 71.990
2745.000 100.000 72.240
2746.000 100.000 72.190
2747.000 100.000 72.100
2748.000 100.000 72.220
2749.000 100.000 72.250
2750.000 100.000 72.330
2751.000 100.000 72.290
2752.000 100.000 72.220
2753.000 100.000 72.350
2754.000 100.000 72.130
2755.000 100.000 72.180
2756.000 100.000 72.300
2757.000 100.000 72.220
2758.000 100.000 72.240
2759.000 100.000 72.330
2760.000 100.000 72.230
2761.000 100.000 72.190
2762.000 100.000 72.340
2763.000 100.000 72.500
2764.000 100.000 72.240
2765.000 100.000 72.130
2766.000 100.000 72.300
2767.000 100.000 72.430
2768.000 100.000 72.230
2769.000 100.000 72.190
2770.000 100.000 72.070
2771.000 100.000 72.140
2772.000 100.000 72.270
2773.000 100.000 72.290
2774.000 100.000 72.010
2775.000 100.000 72.330
2776.000 100.000 72.280
2777.000 100.000 72.280
2778.000 100.000 72.220
2779.000 100.000 72.160
2780.000 100.000 72.170
2781.000 100.000 72.230
2782.000 100.000 72.120
2783.000 100.000 72.470
2784.000 100.000 72.180
2785.000 100.000 72.290
2786.000 100.000 72.180
2787.000 100.000 72.240
2788.000 100.000 72.090
2789.000 100.000 72.350
2790.000 99.998 72.350
2791.000 100.000 72.240
2792.000 100.000 72.390
2793.000 100.000 72.440
2794.000 100.000 72.280
2795.000 100.000 72.170
2796.000 100.000 72.230
2797.000 100.000 72.250
2798.000 100.000 72.450
2799.000 100.000 72.450
2800.000 100.000 72.320
2801.000 100.000 72.110
2802.000 100.000 72.090
2803.000 100.000 72.100
2804.000 100.000 72.150
2805.000 100.000 72.350
2806.000 100.000 72.110
2807.000 100.000 72.000
2808.000 100.000 72.110
2809.000 100.000 72.030
2810.000 100.000 72.190
2811.000 100.000 72.390
2812.000 100.000 72.260
2813.000 100.000 72.230
2814.000 100.000 72.170
2815.000 99.998 72.220
2816.000 100.000 72.130
2817.000 100.000 72.180
2818.000 100.000 72.160
2819.000 100.000 72.390
2820.000 100.000 72.390
2821.000 100.000 72.190
2822.000 100.000 72.300
2823.000 100.000 72.270
2824.000 100.000 72.190
2825.000 100.000 72.170
2826.000 100.000 72.120
2827.000 100.000 72.080
2828.000 100.000 72.230
2829.000 100.000 72.270
2830.000 100.000 72.460
2831.000 100.000 72.340
2832.000 100.000 72.420
2833.000 100.000 72.210
2834.000 100.000 71.990
2835.000 100.000 72.150
2836.000 100.000 72.410
2837.000 100.000 72.240
2838.000 100.000 72.360
2839.000 100.000 72.180
2840.000 100.000 72.310
2841.000 100.000 72.260
2842.000 100.000 72.390
2843.000 100.000 72.120
2844.000 100.000 72.190
2845.000 100.000 72.430
2846.000 100.000 72.210
2847.000 100.000 72.100
2848.000 100.000 72.430
2849.000 100.000 72.220
2850.000 100.000 72.360
2851.000 100.000 71.900
2852.000 100.000 72.140
2853.000 100.000 72.150
2854.000 100.000 72.300
2855.000 100.000 72.260
2856.000 100.000 72.470
2857.000 100.000 72.260
2858.000 100.000 72.360
2859.000 100.000 72.390
2860.000 100.000 72.270
2861.000 100.000 72.260
2862.000 100.000 72.310
2863.000 100.000 72.390
2864.000 100.000 72.400
2865.000 100.000 72.360
2866.000 100.000 72.480
2867.000 100.000 72.340
2868.000 100.000 71.930
2869.000 100.000 72.100
2870.000 100.000 72.160
2871.000 100.000 72.160
2872.000 100.000 72.300
2873.000 100.000 72.160
2874.000 100.000 72.390
2875.000 100.000 72.290
2876.000 100.000 72.200
2877.000 100.000 72.190
2878.000 100.000 72.380
2879.000 100.000 72.240
2880.000 100.000 72.200
2881.000 100.000 72.390
2882.000 100.000 72.200
2883.000 100.000 72.390
2884.000 100.000 72.220
2885.000 100.000 72.390
2886.000 100.000 72.360
2887.000 100.000 72.200
2888.000 100.000 72.370
2889.000 100.000 72.410
2890.000 100.000 72.240
2891.000 99.998 72.340
2892.000 100.000 72.360
2893.000 100.000 72.310
2894.000 100.000 72.100
2895.000 100.000 72.090
2896.000 100.000 72.040
2897.000 100.000 72.170
2898.000 100.000 72.460
2899.000 100.000 72.450
2900.000 100.000 72.240
2901.000 100.000 72.190
2902.000 100.000 72.160
2903.000 100.000 72.110
2904.000 100.000 72.360
2905.000 100.000 72.220
2906.000 100.000 72.460
2907.000 99.998 72.260
2908.000 100.000 72.160
2909.000 100.000 72.310
2910.000 100.000 72.300
2911.000 100.000 72.450
2912.000 100.000 72.310
2913.000 100.000 72.020
2914.000 100.000 72.370
2915.000 100.000 72.290
2916.000 100.000 72.330
2917.000 100.000 72.420
2918.000 100.000 72.230
2919.000 100.000 72.240
2920.000 100.000 72.340
2921.000 100.000 72.290
2922.000 100.000 72.140
2923.000 100.000 72.380
2924.000 100.000 72.370
2925.000 100.000 72.370
2926.000 100.000 72.570
2927.000 100.000 72.340
2928.000 100.000 72.360
2929.000 100.000 72.460
2930.000 100.000 72.450
2931.000 100.000 72.290
2932.000 100.000 72.320
2933.000 100.000 72.490
2934.000 100.000 72.100
2935.000 100.000 72.230
2936.000 100.000 72.340
2937.000 100.000 72.500
2938.000 100.000 72.120
2939.000 100.000 72.090
2940.000 100.000 72.340
2941.000 100.000 72.350
2942.000 100.000 72.110
2943.000 100.000 72.350
2944.000 100.000 72.340
2945.000 100.000 72.330
2946.000 100.000 72.200
2947.000 100.000 72.240
2948.000 100.000 72.320
2949.000 100.000 72.220
2950.000 100.000 72.320
2951.000 100.000 72.380
2952.000 100.000 72.320
2953.000 100.000 72.600
2954.000 100.000 72.350
2955.000 100.000 72.210
2956.000 100.000 72.320
2957.000 100.000 72.350
2958.000 100.000 72.360
2959.000 100.000 72.290
2960.000 100.000 72.250
2961.000 100.000 72.130
2962.000 100.000 72.280
2963.000 100.000 72.240
2964.000 100.000 72.320
2965.000 100.000 72.480
2966.000 100.000 72.480
2967.000 100.000 72.530
2968.000 100.000 72.270
2969.000 100.000 72.060
2970.000 100.000 72.390
2971.000 100.000 72.120
2972.000 100.000 72.220
2973.000 100.000 72.410
2974.000 100.000 72.210
2975.000 100.000 72.310
2976.000 100.000 72.150
2977.000 100.000 72.150
2978.000 100.000 72.070
2979.000 100.000 72.430
2980.000 100.000 72.020
2981.000 100.000 72.240
2982.000 100.000 72.130
2983.000 100.000 72.400
2984.000 100.000 72.190
2985.000 99.998 72.230
2986.000 100.000 72.190
2987.000 100.000 72.080
2988.000 100.000 72.260
2989.000 100.000 72.070
2990.000 100.000 72.400
2991.000 100.000 72.200
2992.000 100.000 72.380
2993.000 100.000 72.190
2994.000 100.000 72.280
2995.000 100.000 72.250
2996.000 100.000 72.160
2997.000 100.000 72.140
2998.000 100.000 72.280
2999.000 100.000 72.180
3000.000 100.000 72.240
3001.000 100.000 72.120
3002.000 100.000 71.940
3003.000 100.000 72.210
3004.000 100.000 72.230
3005.000 100.000 72.430
3006.000 100.000 72.070
3007.000 100.000 72.220
3008.000 100.000 72.120
3009.000 100.000 72.430
3010.000 100.000 72.150
3011.000 100.000 72.400
3012.000 100.000 72.320
3013.000 100.000 72.120
3014.000 100.000 72.250
3015.000 100.000 72.360
3016.000 100.000 72.360
3017.000 100.000 72.300
3018.000 100.000 72.080
3019.000 100.000 72.210
3020.000 100.000 72.170
3021.000 100.000 72.330
3022.000 100.000 72.340
3023.000 100.000 72.460
3024.000 100.000 72.240
3025.000 100.000 72.230
3026.000 100.000 72.370
3027.000 100.000 71.880
3028.000 100.000 72.130
3029.000 100.000 72.310
3030.000 100.000 72.010
3031.000 100.000 72.060
3032.000 100.000 72.350
3033.000 100.000 72.200
3034.000 100.000 72.360
3035.000 100.000 72.340
3036.000 100.000 72.250
3037.000 100.000 72.440
3038.000 100.000 72.200
3039.000 100.000 72.270
3040.000 100.000 72.090
3041.000 100.000 72.360
3042.000 100.000 72.260
3043.000 100.000 72.340
3044.000 100.000 72.310
3045.000 100.000 72.350
3046.000 100.000 72.310
3047.000 100.000 72.360
3048.000 100.000 72.100
3049.000 100.000 72.240
3050.000 100.000 72.360
3051.000 100.000 72.290
3052.000 100.000 72.410
3053.000 100.000 72.170
3054.000 100.000 72.450
3055.000 100.000 72.260
3056.000 100.000 72.280
3057.000 100.000 72.240
3058.000 100.000 72.260
3059.000 100.000 72.420
3060.000 100.000 72.460
3061.000 100.000 72.340
3062.000 100.000 72.140
3063.000 99.998 72.490
3064.000 100.000 72.330
3065.000 100.000 72.520
3066.000 100.000 72.280
3067.000 100.000 72.310
3068.000 100.000 72.250
3069.000 100.000 72.120
3070.000 100.000 72.200
3071.000 100.000 72.420
3072.000 100.000 72.380
3073.000 100.000 72.380
3074.000 100.000 72.400
3075.000 100.000 72.330
3076.000 100.000 72.190
3077.000 100.000 72.310
3078.000 100.000 72.280
3079.000 100.000 72.270
3080.000 100.000 72.400
3081.000 100.000 72.420
3082.000 100.000 72.360
3083.000 100.000 71.970
3084.000 100.000 72.480
3085.000 100.000 72.290
3086.000 100.000 72.130
3087.000 100.000 72.440
3088.000 100.000 72.320
3089.000 100.000 72.300
3090.000 100.000 72.250
3091.000 100.000 72.190
3092.000 100.000 72.100
3093.000 100.000 72.240
3094.000 99.998 72.030
3095.000 100.000 72.170
3096.000 100.000 72.140
3097.000 100.000 72.200
3098.000 100.000 72.360
3099.000 100.000 72.430
3100.000 100.000 72.430
3101.000 100.000 72.440
3102.000 100.000 72.360
3103.000 100.000 72.240
3104.000 100.000 72.470
3105.000 100.000 72.440
3106.000 100.000 72.150
3107.000 100.000 72.290
3108.000 100.000 72.170
3109.000 100.000 72.240
3110.000 100.000 72.440
3111.000 100.000 72.380
3112.000 100.000 72.170
3113.000 100.000 72.170
3114.000 100.000 72.110
3115.000 100.000 72.130
3116.000 100.000 72.210
3117.000 100.000 72.380
3118.000 100.000 72.050
3119.000 100.000 72.380
3120.000 100.000 72.370
3121.000 100.000 72.350
3122.000 100.000 72.280
3123.000 100.000 72.550
3124.000 100.000 72.310
3125.000 100.000 72.350
3126.000 100.000 72.450
3127.000 100.000 72.290
3128.000 100.000 72.010
3129.000 100.000 72.460
3130.000 100.000 72.020
3131.000 100.000 72.220
3132.000 100.000 72.240
3133.000 100.000 72.260
3134.000 100.000 72.110
3135.000 100.000 72.260
3136.000 100.000 72.170
3137.000 100.000 72.370
3138.000 100.000 72.240
3139.000 100.000 72.250
3140.000 100.000 72.200
3141.000 99.998 72.230
3142.000 100.000 72.380
3143.000 100.000 72.060
3144.000 100.000 72.170
3145.000 100.000 72.360
3146.000 100.000 72.250
3147.000 100.000 72.300
3148.000 100.000 72.030
3149.000 100.000 72.100
3150.000 100.000 72.240
3151.000 100.000 72.090
3152.000 100.000 72.090
3153.000 100.000 72.050
3154.000 100.000 72.070
3155.000 100.000 72.120
3156.000 100.000 72.310
3157.000 100.000 72.230
3158.000 100.000 72.010
3159.000 100.000 72.090
3160.000 100.000 72.240
3161.000 100.000 72.300
3162.000 100.000 72.220
3163.000 100.000 72.260
3164.000 100.000 72.300
3165.000 100.000 72.220
3166.000 100.000 72.180
3167.000 100.000 72.420
3168.000 100.000 72.270
3169.000 100.000 72.300
3170.000 100.000 72.270
3171.000 100.000 72.040
3172.000 100.000 71.910
3173.000 100.000 72.200
3174.000 100.000 72.190
3175.000 100.000 72.190
3176.000 100.000 72.040
3177.000 100.000 72.110
3178.000 100.000 72.290
3179.000 100.000 72.050
3180.000 100.000 71.950
3181.000 100.000 72.140
3182.000 100.000 72.050
3183.000 100.000 72.290
3184.000 100.000 72.410
3185.000 100.000 72.140
3186.000 100.000 72.250
3187.000 100.000 72.230
3188.000 100.000 72.310
3189.000 100.000 72.210
3190.000 100.000 72.340
3191.000 100.000 72.470
3192.000 100.000 72.140
3193.000 100.000 72.140
3194.000 100.000 72.280
3195.000 100.000 72.260
3196.000 100.000 72.200
3197.000 100.000 72.190
3198.000 100.000 72.250
3199.000 100.000 72.080
3200.000 100.000 72.110
3201.000 100.000 72.040
3202.000 100.000 72.160
3203.000 100.000 72.260
3204.000 100.000 72.240
3205.000 100.000 72.000
3206.000 99.998 72.090
3207.000 100.000 72.310
3208.000 100.000 72.100
3209.000 100.000 72.400
3210.000 100.000 72.350
3211.000 100.000 72.250
3212.000 100.000 72.310
3213.000 100.000 72.170
3214.000 100.000 72.190
3215.000 100.000 72.200
3216.000 100.000 72.170
3217.000 100.000 72.530
3218.000 100.000 72.370
3219.000 100.000 72.410
3220.000 100.000 72.240
3221.000 100.000 72.320
3222.000 100.000 72.310
3223.000 100.000 72.110
3224.000 100.000 72.330
3225.000 100.000 72.210
3226.000 100.000 72.080
3227.000 100.000 72.190
3228.000 100.000 72.070
3229.000 100.000 72.230
3230.000 100.000 72.320
3231.000 100.000 72.460
3232.000 100.000 72.510
3233.000 100.000 72.280
3234.000 100.000 71.940
3235.000 100.000 72.200
3236.000 100.000 72.200
3237.000 100.000 72.350
3238.000 100.000 72.320
3239.000 99.998 72.390
3240.000 100.000 72.120
3241.000 100.000 72.220
3242.000 100.000 72.170
3243.000 100.000 72.080
3244.000 100.000 72.250
3245.000 100.000 72.250
3246.000 100.000 72.280
3247.000 99.998 72.300
3248.000 100.000 72.290
3249.000 100.000 72.170
3250.000 100.000 72.240
3251.000 100.000 72.280
3252.000 100.000 72.070
3253.000 99.998 72.350
3254.000 100.000 72.260
3255.000 100.000 72.320
3256.000 100.000 72.140
3257.000 100.000 72.170
3258.000 100.000 72.260
3259.000 100.000 72.290
3260.000 100.000 72.300
3261.000 100.000 72.260
3262.000 100.000 72.410
3263.000 100.000 72.300
3264.000 100.000 72.340
3265.000 100.000 72.370
3266.000 100.000 72.530
3267.000 100.000 72.320
3268.000 100.000 72.380
3269.000 100.000 72.080
3270.000 100.000 72.030
3271.000 100.000 72.180
3272.000 100.000 72.200
3273.000 100.000 72.250
3274.000 100.000 72.340
3275.000 100.000 72.140
3276.000 100.000 72.410
3277.000 100.000 72.230
3278.000 99.998 72.430
3279.000 100.000 72.240
3280.000 100.000 72.220
3281.000 100.000 72.110
3282.000 100.000 72.160
3283.000 100.000 72.270
3284.000 100.000 72.360
3285.000 100.000 72.160
3286.000 100.000 72.170
3287.000 100.000 72.040
3288.000 100.000 72.180
3289.000 100.000 72.500
3290.000 100.000 72.200
3291.000 100.000 72.180
3292.000 100.000 72.010
3293.000 100.000 72.180
3294.000 100.000 72.220
3295.000 100.000 72.270
3296.000 100.000 72.210
3297.000 100.000 72.190
3298.000 100.000 72.260
3299.000 100.000 72.210
3300.000 100.000 72.010
3301.000 100.000 72.280
3302.000 100.000 72.160
3303.000 100.000 72.400
3304.000 100.000 72.260
3305.000 100.000 72.290
3306.000 100.000 72.170
3307.000 100.000 72.340
3308.000 100.000 72.240
3309.000 100.000 72.280
3310.000 100.000 72.250
3311.000 100.000 72.280
3312.000 100.000 72.310
3313.000 100.000 72.350
3314.000 100.000 72.120
3315.000 100.000 72.200
3316.000 100.000 72.230
3317.000 100.000 72.190
3318.000 100.000 72.330
3319.000 100.000 72.400
3320.000 100.000 72.200
3321.000 100.000 72.160
3322.000 100.000 72.220
3323.000 100.000 72.060
3324.000 99.998 72.350
3325.000 100.000 72.360
3326.000 100.000 72.380
3327.000 100.000 72.340
3328.000 100.000 72.250
3329.000 100.000 72.390
3330.000 100.000 72.300
3331.000 100.000 72.300
3332.000 100.000 72.370
3333.000 100.000 72.350
3334.000 100.000 72.410
3335.000 100.000 72.290
3336.000 100.000 72.240
3337.000 100.000 72.180
3338.000 100.000 72.200
3339.000 100.000 72.350
3340.000 100.000 72.110
3341.000 100.000 72.390
3342.000 100.000 72.110
3343.000 100.000 72.270
3344.000 100.000 72.040
3345.000 100.000 72.220
3346.000 100.000 72.210
3347.000 100.000 72.130
3348.000 100.000 72.050
3349.000 100.000 72.210
3350.000 100.000 72.140
3351.000 100.000 72.320
3352.000 100.000 72.250
3353.000 100.000 72.220
3354.000 100.000 72.130
3355.000 100.000 72.370
3356.000 100.000 72.400
3357.000 100.000 72.280
3358.000 100.000 72.210
3359.000 100.000 72.240
3360.000 100.000 72.100
3361.000 100.000 72.060
3362.000 100.000 72.270
3363.000 100.000 72.220
3364.000 100.000 72.120
3365.000 100.000 72.070
3366.000 100.000 72.120
3367.000 100.000 72.070
3368.000 100.000 72.280
3369.000 100.000 72.240
3370.000 100.000 72.160
3371.000 100.000 72.210
3372.000 100.000 72.190
3373.000 100.000 72.250
3374.000 100.000 72.160
3375.000 100.000 72.140
3376.000 100.000 72.190
3377.000 100.000 72.220
3378.000 100.000 72.160
3379.000 100.000 72.040
3380.000 100.000 72.100
3381.000 100.000 72.190
3382.000 100.000 72.080
3383.000 100.000 72.330
3384.000 100.000 72.280
3385.000 100.000 72.010
3386.000 100.000 72.130
3387.000 100.000 72.030
3388.000 100.000 72.160
3389.000 100.000 72.370
3390.000 100.000 72.130
3391.000 100.000 72.170
3392.000 100.000 72.330
3393.000 100.000 72.190
3394.000 100.000 71.950
3395.000 100.000 72.230
3396.000 100.000 72.180
3397.000 100.000 72.260
3398.000 100.000 72.190
3399.000 100.000 72.350
3400.000 100.000 72.300
3401.000 99.998 72.250
3402.000 100.000 72.200
3403.000 100.000 72.330
3404.000 100.000 72.420
3405.000 100.000 72.210
3406.000 100.000 72.350
3407.000 100.000 72.310
3408.000 100.000 72.270
3409.000 100.000 72.220
3410.000 100.000 72.410
3411.000 100.000 72.340
3412.000 100.000 72.190
3413.000 100.000 72.240
3414.000 100.000 72.110
3415.000 100.000 72.130
3416.000 100.000 72.460
3417.000 100.000 72.480
3418.000 100.000 72.380
3419.000 100.000 72.130
3420.000 100.000 72.310
3421.000 100.000 72.230
3422.000 100.000 72.180
3423.000 100.000 72.250
3424.000 100.000 72.320
3425.000 100.000 72.450
3426.000 100.000 72.330
3427.000 100.000 72.090
3428.000 100.000 72.290
3429.000 100.000 72.520
3430.000 100.000 72.310
3431.000 100.000 72.480
3432.000 100.000 72.150
3433.000 100.000 72.250
3434.000 100.000 72.110
3435.000 100.000 72.040
3436.000 100.000 72.010
3437.000 100.000 72.230
3438.000 100.000 72.200
3439.000 100.000 72.340
3440.000 100.000 72.210
3441.000 100.000 72.310
3442.000 100.000 72.300
3443.000 100.000 72.170
3444.000 100.000 72.360
3445.000 100.000 72.120
3446.000 100.000 72.300
3447.000 100.000 72.210
3448.000 100.000 72.180
3449.000 100.000 72.320
3450.000 100.000 72.130
3451.000 100.000 72.240
3452.000 100.000 72.430
3453.000 100.000 72.270
3454.000 100.000 72.530
3455.000 100.000 72.430
3456.000 100.000 72.260
3457.000 100.000 72.190
3458.000 100.000 72.200
3459.000 100.000 72.200
3460.000 100.000 72.140
3461.000 100.000 71.960
3462.000 100.000 72.240
3463.000 100.000 72.270
3464.000 100.000 72.340
3465.000 100.000 72.360
3466.000 100.000 72.320
3467.000 100.000 72.460
3468.000 100.000 72.390
3469.000 100.000 72.420
3470.000 100.000 72.240
3471.000 100.000 72.200
3472.000 100.000 72.200
3473.000 100.000 72.270
3474.000 100.000 72.290
3475.000 100.000 72.240
3476.000 100.000 72.250
3477.000 100.000 72.170
3478.000 100.000 72.310
3479.000 100.000 72.400
3480.000 100.000 72.340
3481.000 100.000 72.180
3482.000 100.000 72.230
3483.000 100.000 72.310
3484.000 100.000 72.220
3485.000 100.000 71.970
3486.000 100.000 72.160
3487.000 100.000 72.290
3488.000 100.000 72.180
3489.000 100.000 72.180
3490.000 100.000 72.110
3491.000 100.000 72.340
3492.000 100.000 72.130
3493.000 100.000 72.210
3494.000 100.000 72.420
3495.000 100.000 72.320
3496.000 100.000 72.120
3497.000 100.000 72.170
3498.000 100.000 72.310
3499.000 100.000 72.330
3500.000 100.000 72.120
3501.000 100.000 72.290
3502.000 100.000 72.350
3503.000 100.000 72.290
3504.000 100.000 72.360
3505.000 100.000 72.360
3506.000 100.000 72.380
3507.000 100.000 72.210
3508.000 100.000 72.330
3509.000 100.000 72.350
3510.000 100.000 72.310
3511.000 100.000 72.110
3512.000 100.000 72.250
3513.000 100.000 72.540
3514.000 100.000 72.220
3515.000 100.000 72.200
3516.000 100.000 72.370
3517.000 100.000 72.430
3518.000 100.000 72.260
3519.000 100.000 72.280
3520.000 100.000 72.040
3521.000 100.000 72.540
3522.000 100.000 72.310
3523.000 100.000 72.390
3524.000 100.000 72.580
3525.000 100.000 72.530
3526.000 100.000 72.430
3527.000 100.000 72.240
3528.000 100.000 72.420
3529.000 100.000 72.360
3530.000 100.000 72.320
3531.000 100.000 72.160
3532.000 100.000 72.050
3533.000 100.000 72.250
3534.000 100.000 72.340
3535.000 100.000 72.160
3536.000 100.000 72.270
3537.000 100.000 72.320
3538.000 100.000 72.220
3539.000 100.000 72.020
3540.000 100.000 72.320
3541.000 100.000 72.120
3542.000 100.000 72.250
3543.000 100.000 72.310
3544.000 100.000 72.340
3545.000 100.000 72.140
3546.000 100.000 72.340
3547.000 100.000 72.070
3548.000 100.000 72.010
3549.000 100.000 72.340
3550.000 100.000 72.160
3551.000 100.000 72.120
3552.000 100.000 72.130
3553.000 100.000 72.140
3554.000 100.000 72.400
3555.000 100.000 72.270
3556.000 100.000 72.120
3557.000 100.000 72.400
3558.000 100.000 72.110
3559.000 100.000 72.200
3560.000 100.000 72.300
3561.000 100.000 72.240
3562.000 100.000 72.230
3563.000 100.000 71.990
3564.000 100.000 72.330
3565.000 100.000 72.370
3566.000 100.000 72.070
3567.000 100.000 72.230
3568.000 100.000 72.310
3569.000 100.000 72.260
3570.000 100.000 72.240
3571.000 100.000 72.140
3572.000 100.000 72.270
3573.000 100.000 72.250
3574.000 100.000 72.240
3575.000 100.000 72.130
3576.000 100.000 72.200
3577.000 100.000 72.320
3578.000 100.000 72.290
3579.000 100.000 72.130
3580.000 100.000 72.250
3581.000 100.000 72.090
3582.000 100.000 72.310
3583.000 100.000 72.290
3584.000 100.000 72.500
3585.000 100.000 72.400
3586.000 100.000 72.290
3587.000 100.000 72.200
3588.000 100.000 72.320
3589.000 100.000 72.390
3590.000 100.000 72.180
3591.000 100.000 72.160
3592.000 100.000 72.230
3593.000 100.000 72.130
3594.000 100.000 72.240
3595.000 100.000 72.180
3596.000 100.000 72.240
3597.000 100.000 72.190
3598.000 100.000 72.270
3599.000 100.000 72.420
3600.000 100.000 72.240
3601.000 100.000 72.310
3602.000 100.000 72.370
3603.000 100.000 72.240
3604.000 100.000 72.290
3605.000 100.000 72.290
3606.000 100.000 72.180
3607.000 100.000 72.040
3608.000 100.000 71.820
3609.000 100.000 72.090
3610.000 100.000 72.070
3611.000 100.000 72.040
3612.000 100.000 72.180
3613.000 100.000 72.180
3614.000 100.000 72.130
3615.000 100.000 72.380
3616.000 100.000 72.330
3617.000 100.000 72.230
3618.000 100.000 72.360
3619.000 100.000 72.350
3620.000 100.000 72.380
3621.000 100.000 72.240
3622.000 100.000 72.130
3623.000 100.000 72.320
3624.000 100.000 72.350
3625.000 100.000 72.200
3626.000 100.000 72.190
3627.000 100.000 72.310
3628.000 100.000 72.300
3629.000 100.000 72.320
3630.000 100.000 72.300
3631.000 100.000 72.460
3632.000 100.000 72.150
3633.000 100.000 72.360
3634.000 100.000 72.390
3635.000 100.000 72.200
3636.000 100.000 72.200
3637.000 100.000 72.310
3638.000 100.000 72.310
3639.000 100.000 72.010
3640.000 100.000 72.400
3641.000 100.000 72.190
3642.000 100.000 72.210
3643.000 100.000 72.310
3644.000 100.000 72.190
3645.000 100.000 72.260
3646.000 100.000 72.410
3647.000 100.000 72.350
3648.000 100.000 72.220
3649.000 100.000 72.320
3650.000 100.000 72.290
3651.000 100.000 72.410
3652.000 100.000 72.120
3653.000 100.000 72.090
3654.000 100.000 72.260
3655.000 100.000 72.360
3656.000 100.000 72.310
3657.000 100.000 72.310
3658.000 100.000 72.340
3659.000 100.000 72.460
3660.000 100.000 72.170
3661.000 100.000 72.140
3662.000 100.000 72.260
3663.000 100.000 72.160
3664.000 100.000 72.300
3665.000 100.000 72.200
3666.000 100.000 72.490
3667.000 100.000 72.130
3668.000 100.000 72.370
3669.000 100.000 72.050
3670.000 100.000 72.340
3671.000 100.000 72.240
3672.000 100.000 72.310
3673.000 100.000 72.140
3674.000 100.000 72.180
3675.000 100.000 72.090
3676.000 100.000 72.380
3677.000 100.000 72.240
3678.000 100.000 72.200
3679.000 100.000 72.300
3680.000 100.000 72.180
3681.000 100.000 72.280
3682.000 100.000 72.410
3683.000 100.000 72.340
3684.000 100.000 72.230
3685.000 100.000 72.140
3686.000 100.000 72.300
3687.000 100.000 72.320
3688.000 100.000 72.320
3689.000 100.000 72.510
3690.000 100.000 72.280
3691.000 100.000 72.260
3692.000 100.000 72.310
3693.000 100.000 72.330
3694.000 100.000 72.550
3695.000 100.000 72.300
3696.000 100.000 72.270
3697.000 100.000 72.320
3698.000 100.000 72.220
3699.000 100.000 72.340
3700.000 100.000 72.320
3701.000 100.000 72.410
3702.000 100.000 72.260
3703.000 100.000 72.220
3704.000 100.000 72.500
3705.000 100.000 72.270
3706.000 100.000 72.130
3707.000 100.000 72.270
3708.000 100.000 72.380
3709.000 100.000 72.120
3710.000 100.000 72.110
3711.000 100.000 72.160
3712.000 100.000 72.310
3713.000 100.000 72.430
3714.000 100.000 72.230
3715.000 100.000 72.060
3716.000 100.000 72.330
3717.000 100.000 72.380
3718.000 100.000 72.400
3719.000 100.000 72.080
3720.000 100.000 72.240
3721.000 100.000 72.120
3722.000 100.000 72.390
3723.000 100.000 72.180
3724.000 100.000 72.280
3725.000 100.000 72.330
3726.000 100.000 72.240
3727.000 100.000 72.280
3728.000 100.000 72.300
3729.000 100.000 72.270
3730.000 100.000 72.380
3731.000 100.000 72.210
3732.000 100.000 72.180
3733.000 100.000 72.400
3734.000 100.000 72.230
3735.000 100.000 72.370
3736.000 100.000 72.330
3737.000 100.000 72.130
3738.000 100.000 72.190
3739.000 100.000 72.330
3740.000 100.000 72.100
3741.000 100.000 72.150
3742.000 100.000 72.310
3743.000 100.000 72.150
3744.000 100.000 72.340
3745.000 100.000 72.280
3746.000 100.000 72.320
3747.000 100.000 72.240
3748.000 100.000 72.380
3749.000 100.000 72.230
3750.000 100.000 72.180
3751.000 100.000 72.220
3752.000 100.000 72.120
3753.000 100.000 72.380
3754.000 100.000 72.290
3755.000 100.000 72.270
3756.000 100.000 72.110
3757.000 100.000 72.220
3758.000 100.000 72.310
3759.000 100.000 72.200
3760.000 100.000 72.170
3761.000 100.000 72.430
3762.000 100.000 72.370
3763.000 100.000 72.180
3764.000 100.000 72.230
3765.000 100.000 72.400
3766.000 100.000 72.290
3767.000 100.000 72.510
3768.000 100.000 72.390
3769.000 100.000 72.400
3770.000 100.000 72.220
3771.000 100.000 72.330
3772.000 100.000 72.430
3773.000 100.000 72.270
3774.000 100.000 72.180
3775.000 100.000 72.350
3776.000 100.000 72.430
3777.000 100.000 72.280
3778.000 100.000 72.340
3779.000 100.000 72.320
3780.000 100.000 72.450
3781.000 100.000 72.390
3782.000 100.000 72.490
3783.000 100.000 72.180
3784.000 100.000 72.140
3785.000 100.000 72.100
3786.000 100.000 72.360
3787.000 100.000 72.190
3788.000 100.000 72.240
3789.000 100.000 72.300
3790.000 100.000 72.280
3791.000 100.000 72.460
3792.000 100.000 72.390
3793.000 100.000 72.130
3794.000 100.000 72.240
3795.000 100.000 72.270
3796.000 100.000 72.310
3797.000 100.000 72.240
3798.000 100.000 72.290
3799.000 100.000 72.190
3800.000 100.000 72.230
3801.000 100.000 72.330
3802.000 100.000 72.220
3803.000 100.000 72.230
3804.000 100.000 72.240
3805.000 100.000 72.230
3806.000 100.000 72.310
3807.000 100.000 72.320
3808.000 100.000 72.210
3809.000 100.000 72.290
3810.000 100.000 72.240
3811.000 100.000 72.500
3812.000 100.000 72.120
3813.000 100.000 72.510
3814.000 100.000 72.340
3815.000 100.000 72.170
3816.000 100.000 72.200
3817.000 100.000 72.370
3818.000 100.000 72.330
3819.000 100.000 72.290
3820.000 100.000 72.280
3821.000 100.000 72.310
3822.000 100.000 72.150
3823.000 100.000 72.210
3824.000 100.000 72.340
3825.000 100.000 72.320
3826.000 100.000 72.210
3827.000 100.000 72.440
3828.000 100.000 72.240
3829.000 100.000 72.240
3830.000 100.000 72.320
3831.000 100.000 72.410
3832.000 100.000 72.100
3833.000 100.000 72.230
3834.000 100.000 72.170
3835.000 100.000 72.500
3836.000 100.000 72.090
3837.000 100.000 72.410
3838.000 100.000 72.270
3839.000 100.000 72.230
3840.000 100.000 72.310
3841.000 100.000 72.130
3842.000 100.000 72.340
3843.000 100.000 72.290
3844.000 100.000 72.550
3845.000 100.000 72.410
3846.000 100.000 72.230
3847.000 100.000 72.050
3848.000 99.998 72.270
3849.000 100.000 72.070
3850.000 100.000 72.250
3851.000 100.000 72.350
3852.000 100.000 72.260
3853.000 100.000 72.170
3854.000 100.000 72.460
3855.000 100.000 72.360
3856.000 100.000 72.070
3857.000 100.000 72.010
3858.000 100.000 72.140
3859.000 100.000 72.370
3860.000 100.000 72.260
3861.000 100.000 72.430
3862.000 100.000 72.270
3863.000 100.000 72.140
3864.000 100.000 72.290
3865.000 100.000 72.220
3866.000 100.000 72.110
3867.000 100.000 72.170
3868.000 100.000 72.280
3869.000 100.000 72.120
3870.000 100.000 72.250
3871.000 100.000 72.210
3872.000 100.000 72.410
3873.000 100.000 72.170
3874.000 100.000 72.170
3875.000 100.000 72.230
3876.000 100.000 72.400
3877.000 100.000 72.340
3878.000 100.000 72.250
3879.000 100.000 72.260
3880.000 100.000 72.390
3881.000 100.000 72.290
3882.000 100.000 72.240
3883.000 100.000 72.400
3884.000 100.000 72.190
3885.000 100.000 72.200
3886.000 100.000 72.250
3887.000 99.998 72.090
3888.000 100.000 72.320
3889.000 100.000 72.180
3890.000 100.000 72.440
3891.000 100.000 72.380
3892.000 100.000 72.320
3893.000 100.000 72.480
3894.000 100.000 72.190
3895.000 100.000 72.110
3896.000 100.000 72.300
3897.000 100.000 72.440
3898.000 100.000 72.320
3899.000 100.000 72.440
3900.000 100.000 72.300
3901.000 100.000 72.330
3902.000 100.000 72.330
3903.000 100.000 72.230
3904.000 100.000 72.290
3905.000 100.000 71.980
3906.000 100.000 72.160
3907.000 100.000 72.110
3908.000 100.000 72.300
3909.000 100.000 72.100
3910.000 100.000 72.290
3911.000 100.000 72.210
3912.000 100.000 72.130
3913.000 100.000 72.310
3914.000 100.000 72.370
3915.000 100.000 72.240
3916.000 100.000 72.190
3917.000 100.000 72.420
3918.000 100.000 72.490
3919.000 100.000 72.340
3920.000 100.000 72.270
3921.000 100.000 72.270
3922.000 100.000 72.330
3923.000 100.000 72.260
3924.000 100.000 72.440
3925.000 100.000 72.520
3926.000 100.000 72.170
3927.000 100.000 72.490
3928.000 100.000 72.110
3929.000 100.000 72.280
3930.000 100.000 72.210
3931.000 100.000 72.120
3932.000 100.000 72.060
3933.000 100.000 71.980
3934.000 100.000 72.200
3935.000 100.000 72.530
3936.000 100.000 72.320
3937.000 100.000 72.270
3938.000 100.000 72.220
3939.000 100.000 72.390
3940.000 100.000 72.140
3941.000 100.000 72.160
3942.000 100.000 72.400
3943.000 100.000 72.290
3944.000 100.000 72.380
3945.000 100.000 72.460
3946.000 100.000 72.290
3947.000 100.000 72.320
3948.000 100.000 72.280
3949.000 100.000 72.420
3950.000 100.000 72.290
3951.000 100.000 72.330
3952.000 100.000 72.190
3953.000 100.000 72.250
3954.000 100.000 72.240
3955.000 100.000 72.140
3956.000 100.000 72.190
3957.000 100.000 72.180
3958.000 100.000 72.190
3959.000 100.000 72.160
3960.000 100.000 72.140
3961.000 100.000 72.230
3962.000 100.000 72.330
3963.000 100.000 72.270
3964.000 100.000 72.420
3965.000 100.000 72.290
3966.000 100.000 72.250
3967.000 100.000 72.150
3968.000 100.000 72.480
3969.000 100.000 72.260
3970.000 100.000 72.180
3971.000 100.000 72.260
3972.000 100.000 72.200
3973.000 100.000 72.250
3974.000 100.000 72.200
3975.000 100.000 72.440
3976.000 100.000 72.180
3977.000 100.000 72.180
3978.000 100.000 72.200
3979.000 100.000 72.360
3980.000 100.000 72.210
3981.000 100.000 72.140
3982.000 100.000 72.280
3983.000 100.000 72.210
3984.000 100.000 72.230
3985.000 100.000 72.400
3986.000 100.000 72.410
3987.000 100.000 72.280
3988.000 100.000 72.360
3989.000 100.000 72.360
3990.000 100.000 72.240
3991.000 100.000 72.320
3992.000 100.000 72.090
3993.000 100.000 72.240
3994.000 100.000 72.170
3995.000 100.000 72.050
3996.000 100.000 72.260
3997.000 100.000 72.240
3998.000 100.000 72.230
3999.000 100.000 72.240
