epoch bias variance
0.000000000000000000e+00 2.261890247464179993e+00 7.721367822587499319e-02
1.000000000000000000e+00 1.990221321582794189e+00 1.031151150465010602e-01
2.000000000000000000e+00 1.684302881360054016e+00 1.041814132183790376e-01
3.000000000000000000e+00 1.627294376492500305e+00 1.199345747388900207e-01
4.000000000000000000e+00 1.557573452591896057e+00 1.354816661145539225e-01
5.000000000000000000e+00 1.473282232880592346e+00 1.598274644702675218e-01
6.000000000000000000e+00 1.373223870992660522e+00 1.586407724067568914e-01
7.000000000000000000e+00 1.371495172381401062e+00 1.583082475878299089e-01
8.000000000000000000e+00 1.200956925749778748e+00 1.647434148833157863e-01
9.000000000000000000e+00 1.171692207455635071e+00 1.898799536824226364e-01
1.000000000000000000e+01 1.231574997305870056e+00 1.831282487384975344e-01
1.100000000000000000e+01 1.246471650898456573e+00 1.871734960541129311e-01
1.200000000000000000e+01 1.055367410182952881e+00 2.014045010954141901e-01
1.300000000000000000e+01 1.025192916393280029e+00 1.974408593550327495e-01
1.400000000000000000e+01 1.008928827941417694e+00 2.118857792079449354e-01
1.500000000000000000e+01 1.014479525387287140e+00 2.044370458841324734e-01
1.600000000000000000e+01 8.983108028769493103e-01 2.139493470028044353e-01
1.700000000000000000e+01 9.934334903955459595e-01 2.137871535129844958e-01
1.800000000000000000e+01 8.615065515041351318e-01 2.230856554791333934e-01
1.900000000000000000e+01 1.032972157001495361e+00 2.235970207288864309e-01
2.000000000000000000e+01 8.961241841316223145e-01 2.248442600399256364e-01
2.100000000000000000e+01 1.006199032068252563e+00 2.259697865486147705e-01
2.200000000000000000e+01 8.389246687293052673e-01 2.338938416667284415e-01
2.300000000000000000e+01 9.288412556052207947e-01 2.297736833274366397e-01
2.400000000000000000e+01 8.228918537497520447e-01 2.404200448989870509e-01
2.500000000000000000e+01 9.013353213667869568e-01 2.403812267355620591e-01
2.600000000000000000e+01 8.715020716190338135e-01 2.505739897504448699e-01
2.700000000000000000e+01 7.900522053241729736e-01 2.508925604566931700e-01
2.800000000000000000e+01 8.580975085496902466e-01 2.535224197022616366e-01
2.900000000000000000e+01 7.640758901834487915e-01 2.637727023765443768e-01
3.000000000000000000e+01 8.086181953549385071e-01 2.635606690928340434e-01
3.100000000000000000e+01 7.939295619726181030e-01 2.631576693430544012e-01
3.200000000000000000e+01 8.195008635520935059e-01 2.725681754678488389e-01
3.300000000000000000e+01 8.169280961155891418e-01 2.640933885231615541e-01
3.400000000000000000e+01 7.679677680134773254e-01 2.754527205914258925e-01
3.500000000000000000e+01 7.770489528775215149e-01 2.717632004633547815e-01
3.600000000000000000e+01 8.776464909315109253e-01 2.673882596284151703e-01
3.700000000000000000e+01 7.938591539859771729e-01 2.816900341495871540e-01
3.800000000000000000e+01 8.094961047172546387e-01 2.791515564471485078e-01
3.900000000000000000e+01 9.496128782629966736e-01 2.685118785262110563e-01
4.000000000000000000e+01 8.994293436408042908e-01 2.752820552900434592e-01
4.100000000000000000e+01 8.129225969314575195e-01 2.856344020918012427e-01
4.200000000000000000e+01 7.903895676136016846e-01 2.894710637003186093e-01
4.300000000000000000e+01 9.115312099456787109e-01 2.877585360810162030e-01
4.400000000000000000e+01 8.470882400870323181e-01 2.911162981152535245e-01
4.500000000000000000e+01 8.252891302108764648e-01 2.911777093991638754e-01
4.600000000000000000e+01 8.158132135868072510e-01 2.905276562646030847e-01
4.700000000000000000e+01 7.670507170259952545e-01 3.285617438733581253e-01
4.800000000000000000e+01 7.543196156620979309e-01 3.043065018385648912e-01
4.900000000000000000e+01 7.413153126835823059e-01 3.109665771737697426e-01
5.000000000000000000e+01 8.532525673508644104e-01 3.036482299089433567e-01
5.100000000000000000e+01 8.329574018716812134e-01 3.134508735746144303e-01
5.200000000000000000e+01 8.367921486496925354e-01 3.097635351479053334e-01
5.300000000000000000e+01 7.820363491773605347e-01 3.172502817958595678e-01
5.400000000000000000e+01 9.298190325498580933e-01 3.200727143466473024e-01
5.500000000000000000e+01 8.418225683271884918e-01 3.181854939997197373e-01
5.600000000000000000e+01 7.211830466985702515e-01 3.282739995986222459e-01
5.700000000000000000e+01 8.577018305659294128e-01 3.204446420222522018e-01
5.800000000000000000e+01 8.424577638506889343e-01 3.302068780824543026e-01
5.900000000000000000e+01 9.248511567711830139e-01 3.213961285188795536e-01
6.000000000000000000e+01 7.512513548135757446e-01 3.418766033381226421e-01
6.100000000000000000e+01 7.974710315465927124e-01 3.396142181798817994e-01
6.200000000000000000e+01 7.829589396715164185e-01 3.441443721100689856e-01
6.300000000000000000e+01 8.474348559975624084e-01 3.372254813209176749e-01
6.400000000000000000e+01 9.875883236527442932e-01 3.402648017525673474e-01
6.500000000000000000e+01 8.572045788168907166e-01 3.442334328860046089e-01
6.600000000000000000e+01 8.550719618797302246e-01 3.549243548005819315e-01
6.700000000000000000e+01 7.747770398855209351e-01 3.547081050425768822e-01
6.800000000000000000e+01 8.925028964877128601e-01 3.506522880077365123e-01
6.900000000000000000e+01 8.273093625903129578e-01 3.555679311543704646e-01
7.000000000000000000e+01 9.225096404552459717e-01 3.432958422690630673e-01
7.100000000000000000e+01 8.564623147249221802e-01 3.668788193464280756e-01
7.200000000000000000e+01 8.882607892155647278e-01 3.521246620267630689e-01
7.300000000000000000e+01 8.005337566137313843e-01 3.725915550082925520e-01
7.400000000000000000e+01 8.144361600279808044e-01 3.635843931198121659e-01
7.500000000000000000e+01 8.802762553095817566e-01 3.544652497678995040e-01
7.600000000000000000e+01 8.902777433395385742e-01 3.822243257641793068e-01
7.700000000000000000e+01 9.206465482711791992e-01 3.659205333381891911e-01
7.800000000000000000e+01 8.714400753378868103e-01 3.679001565158368514e-01
7.900000000000000000e+01 9.860860705375671387e-01 3.703479490131140750e-01
8.000000000000000000e+01 7.659549340605735779e-01 3.884196675956249623e-01
8.100000000000000000e+01 7.831288203597068787e-01 3.836194201171401197e-01
8.200000000000000000e+01 1.008020579814910889e+00 3.774532017439606868e-01
8.300000000000000000e+01 8.537300899624824524e-01 3.912198724895716850e-01
8.400000000000000000e+01 9.721448719501495361e-01 3.756528682142499243e-01
8.500000000000000000e+01 9.272775799036026001e-01 3.876679437011480989e-01
8.600000000000000000e+01 9.030772373080253601e-01 4.004129233539104327e-01
8.700000000000000000e+01 8.513931855559349060e-01 4.025239370167256192e-01
8.800000000000000000e+01 8.859483674168586731e-01 4.009245056986809885e-01
8.900000000000000000e+01 7.986963614821434021e-01 4.031672907561063557e-01
9.000000000000000000e+01 8.660778328776359558e-01 4.040695330977439603e-01
9.100000000000000000e+01 8.107333481311798096e-01 4.078594285070895609e-01
9.200000000000000000e+01 9.325363263487815857e-01 4.036795408636333349e-01
9.300000000000000000e+01 7.630782797932624817e-01 4.147503066778183145e-01
9.400000000000000000e+01 7.044075205922126770e-01 4.103477000504731631e-01
9.500000000000000000e+01 9.639106169342994690e-01 4.106087791681289900e-01
9.600000000000000000e+01 8.718496710062026978e-01 4.153471645742656815e-01
9.700000000000000000e+01 8.187518417835235596e-01 4.192210450649260789e-01
9.800000000000000000e+01 8.025825619697570801e-01 4.176890298813580316e-01
9.900000000000000000e+01 9.467440992593765259e-01 4.089382284909486298e-01
1.000000000000000000e+02 9.371395185589790344e-01 4.177238308668138611e-01
1.010000000000000000e+02 8.108771666884422302e-01 4.231009822756055527e-01
1.020000000000000000e+02 7.876741290092468262e-01 4.224226219296456364e-01
1.030000000000000000e+02 8.312162309885025024e-01 4.288400324076415693e-01
1.040000000000000000e+02 8.429649621248245239e-01 4.207909135937693001e-01
1.050000000000000000e+02 9.980664700269699097e-01 4.349136694312096818e-01
1.060000000000000000e+02 8.009951561689376831e-01 4.356277438133955293e-01
1.070000000000000000e+02 7.984443008899688721e-01 4.343987464338541216e-01
1.080000000000000000e+02 8.198155611753463745e-01 4.423527718603612602e-01
1.090000000000000000e+02 7.618151754140853882e-01 4.416511179208755244e-01
1.100000000000000000e+02 8.526485264301300049e-01 4.370747994273901371e-01
1.110000000000000000e+02 8.173637390136718750e-01 4.493586812973022759e-01
1.120000000000000000e+02 7.321528196334838867e-01 4.454748484671116060e-01
1.130000000000000000e+02 7.577135637402534485e-01 4.402558649271726132e-01
1.140000000000000000e+02 7.740554213523864746e-01 4.522573310166597693e-01
1.150000000000000000e+02 8.237989470362663269e-01 4.462431241601707566e-01
1.160000000000000000e+02 8.333367183804512024e-01 4.512937400966885448e-01
1.170000000000000000e+02 7.657497301697731018e-01 4.559314408153296583e-01
1.180000000000000000e+02 7.272417768836021423e-01 4.546349709391593885e-01
1.190000000000000000e+02 8.083143383264541626e-01 4.600726773798466951e-01
1.200000000000000000e+02 7.449381127953529358e-01 4.579428611874583055e-01
1.210000000000000000e+02 7.139159515500068665e-01 4.582796289116144450e-01
1.220000000000000000e+02 7.212621346116065979e-01 4.622138909727335765e-01
1.230000000000000000e+02 7.534494400024414062e-01 4.558768714755774276e-01
1.240000000000000000e+02 7.014347910881042480e-01 4.660442705571652411e-01
1.250000000000000000e+02 7.275810837745666504e-01 4.647912087529899594e-01
1.260000000000000000e+02 8.132832720875740051e-01 4.657506217539311155e-01
1.270000000000000000e+02 7.235080972313880920e-01 4.629053480774167895e-01
1.280000000000000000e+02 6.747773587703704834e-01 4.631533466637134389e-01
1.290000000000000000e+02 7.474208846688270569e-01 4.756266853064299305e-01
1.300000000000000000e+02 7.213539034128189087e-01 4.680016870021823649e-01
1.310000000000000000e+02 7.481753379106521606e-01 4.690972789436578250e-01
1.320000000000000000e+02 6.730328649282455444e-01 4.749454410552978456e-01
1.330000000000000000e+02 6.645707562565803528e-01 4.730089196324349654e-01
1.340000000000000000e+02 6.588023006916046143e-01 4.733661652982235069e-01
1.350000000000000000e+02 6.938594356179237366e-01 4.764489738196138191e-01
1.360000000000000000e+02 6.614768281579017639e-01 4.782097124963998747e-01
1.370000000000000000e+02 6.439457163214683533e-01 4.794693456977605628e-01
1.380000000000000000e+02 6.745990738272666931e-01 4.826346176087856765e-01
1.390000000000000000e+02 6.527040824294090271e-01 4.802701339572670314e-01
1.400000000000000000e+02 6.829405426979064941e-01 4.810550762653353907e-01
1.410000000000000000e+02 6.670879125595092773e-01 4.824522514998914602e-01
1.420000000000000000e+02 6.636929661035537720e-01 4.869970542252064494e-01
1.430000000000000000e+02 6.981175765395164490e-01 4.874244905471802891e-01
1.440000000000000000e+02 6.499191001057624817e-01 4.859407519876959292e-01
1.450000000000000000e+02 6.556380242109298706e-01 4.885883411645890462e-01
1.460000000000000000e+02 7.324678674340248108e-01 4.883739529967310311e-01
1.470000000000000000e+02 7.660523355007171631e-01 4.997979226171973544e-01
1.480000000000000000e+02 6.556162759661674500e-01 4.883875432580710996e-01
1.490000000000000000e+02 6.621201261878013611e-01 4.887609795659781931e-01
1.500000000000000000e+02 6.592099964618682861e-01 4.876974437683823105e-01
1.510000000000000000e+02 6.363285556435585022e-01 4.949772569537163047e-01
1.520000000000000000e+02 6.568763405084609985e-01 4.922099063873290881e-01
1.530000000000000000e+02 6.940153613686561584e-01 4.943053330749273555e-01
1.540000000000000000e+02 6.956615820527076721e-01 4.936715859711170440e-01
1.550000000000000000e+02 7.015708461403846741e-01 4.930816165536642259e-01
1.560000000000000000e+02 7.025752589106559753e-01 4.937901611447332861e-01
1.570000000000000000e+02 6.391479521989822388e-01 4.969198074609044724e-01
1.580000000000000000e+02 6.434315145015716553e-01 4.968287621051072911e-01
1.590000000000000000e+02 6.423147097229957581e-01 4.969872686445713228e-01
1.600000000000000000e+02 6.575812101364135742e-01 4.991005203276872582e-01
1.610000000000000000e+02 6.633879691362380981e-01 5.036770657777789317e-01
1.620000000000000000e+02 6.866097226738929749e-01 4.997246224343776522e-01
1.630000000000000000e+02 6.214434206485748291e-01 5.016957227230072203e-01
1.640000000000000000e+02 6.415987163782119751e-01 4.995541932314635503e-01
1.650000000000000000e+02 6.204231455922126770e-01 5.030905761331321280e-01
1.660000000000000000e+02 6.571696177124977112e-01 5.040283731371164588e-01
1.670000000000000000e+02 6.528964787721633911e-01 5.035497034281495310e-01
1.680000000000000000e+02 6.150094494223594666e-01 5.066614054590465877e-01
1.690000000000000000e+02 6.252856478095054626e-01 5.055989374309777240e-01
1.700000000000000000e+02 6.733603775501251221e-01 5.017273238003259195e-01
1.710000000000000000e+02 6.325806528329849243e-01 5.079269404202699789e-01
1.720000000000000000e+02 6.556164994835853577e-01 5.034844017177819708e-01
1.730000000000000000e+02 6.336809024214744568e-01 5.055802491068841498e-01
1.740000000000000000e+02 6.118579730391502380e-01 5.085287747055293739e-01
1.750000000000000000e+02 6.657358855009078979e-01 5.056410525768997299e-01
1.760000000000000000e+02 6.620885133743286133e-01 5.101643601208927237e-01
1.770000000000000000e+02 6.235557794570922852e-01 5.091793536931277231e-01
1.780000000000000000e+02 6.433477848768234253e-01 5.099268627345563409e-01
1.790000000000000000e+02 6.230749785900115967e-01 5.126806882619860950e-01
1.800000000000000000e+02 6.464734971523284912e-01 5.097976127088070797e-01
1.810000000000000000e+02 6.239839196205139160e-01 5.123097099989653014e-01
1.820000000000000000e+02 6.435195058584213257e-01 5.107952484101057067e-01
1.830000000000000000e+02 6.297221928834915161e-01 5.175698804616928328e-01
1.840000000000000000e+02 6.725394725799560547e-01 5.104561819732191807e-01
1.850000000000000000e+02 6.236580014228820801e-01 5.141222285002471359e-01
1.860000000000000000e+02 6.259718909859657288e-01 5.147686883985995721e-01
1.870000000000000000e+02 6.141220107674598694e-01 5.191877286851406259e-01
1.880000000000000000e+02 6.154730692505836487e-01 5.144200210452081201e-01
1.890000000000000000e+02 6.063252538442611694e-01 5.152613039016724628e-01
1.900000000000000000e+02 6.013716012239456177e-01 5.145221397817136832e-01
1.910000000000000000e+02 6.128337830305099487e-01 5.179187298059466649e-01
1.920000000000000000e+02 6.178539097309112549e-01 5.151546460390090676e-01
1.930000000000000000e+02 6.055977866053581238e-01 5.199877648472788216e-01
1.940000000000000000e+02 6.425085067749023438e-01 5.192934688061475734e-01
1.950000000000000000e+02 6.080067828297615051e-01 5.162599724352359143e-01
1.960000000000000000e+02 6.087847650051116943e-01 5.166667500764132726e-01
1.970000000000000000e+02 6.190322116017341614e-01 5.200982411026955354e-01
1.980000000000000000e+02 6.263054683804512024e-01 5.175383307844401148e-01
1.990000000000000000e+02 6.291631832718849182e-01 5.195568263649941176e-01
2.000000000000000000e+02 6.134271025657653809e-01 5.224940736085179616e-01
2.010000000000000000e+02 6.000927090644836426e-01 5.226044612407685364e-01
2.020000000000000000e+02 6.329413801431655884e-01 5.204240504711866722e-01
2.030000000000000000e+02 6.298592239618301392e-01 5.206010029137138062e-01
2.040000000000000000e+02 5.976264774799346924e-01 5.207886537104846614e-01
2.050000000000000000e+02 5.704422667622566223e-01 5.249551546871662477e-01
2.060000000000000000e+02 6.311341151595115662e-01 5.238169748634100564e-01
2.070000000000000000e+02 6.389579400420188904e-01 5.244555637478831578e-01
2.080000000000000000e+02 6.130488291382789612e-01 5.241875443577765914e-01
2.090000000000000000e+02 6.088638231158256531e-01 5.233584552168846216e-01
2.100000000000000000e+02 6.082428395748138428e-01 5.251928942918779875e-01
2.110000000000000000e+02 6.330179646611213684e-01 5.255432304054501458e-01
2.120000000000000000e+02 5.986063182353973389e-01 5.260379199445246456e-01
2.130000000000000000e+02 6.029483154416084290e-01 5.291297860473394010e-01
2.140000000000000000e+02 5.894763246178627014e-01 5.259896319091320604e-01
2.150000000000000000e+02 6.046921461820602417e-01 5.328070472419261794e-01
2.160000000000000000e+02 5.987350642681121826e-01 5.271479322463274997e-01
2.170000000000000000e+02 6.004985943436622620e-01 5.260991953015328182e-01
2.180000000000000000e+02 6.474664807319641113e-01 5.267377599000933053e-01
2.190000000000000000e+02 5.929478555917739868e-01 5.272699084967373828e-01
2.200000000000000000e+02 5.921213701367378235e-01 5.279264248996973219e-01
2.210000000000000000e+02 6.206558719277381897e-01 5.305620111763480473e-01
2.220000000000000000e+02 6.160716265439987183e-01 5.289385296314954577e-01
2.230000000000000000e+02 6.208558306097984314e-01 5.287106698155403794e-01
2.240000000000000000e+02 5.903649404644966125e-01 5.313337988793850331e-01
2.250000000000000000e+02 6.289221569895744324e-01 5.333925518929962806e-01
2.260000000000000000e+02 5.962127670645713806e-01 5.289914091736078738e-01
2.270000000000000000e+02 5.998531430959701538e-01 5.299607864886521913e-01
2.280000000000000000e+02 5.993261560797691345e-01 5.291535230576991378e-01
2.290000000000000000e+02 5.876162797212600708e-01 5.303227995365860092e-01
2.300000000000000000e+02 6.003548055887222290e-01 5.339632186681032566e-01
2.310000000000000000e+02 5.995584875345230103e-01 5.318731767177582448e-01
2.320000000000000000e+02 5.881178081035614014e-01 5.310903885781765865e-01
2.330000000000000000e+02 6.255025267601013184e-01 5.315042397558693565e-01
2.340000000000000000e+02 6.032647117972373962e-01 5.308569259524347217e-01
2.350000000000000000e+02 5.962503775954246521e-01 5.309107923805713725e-01
2.360000000000000000e+02 5.856681764125823975e-01 5.338727214097978013e-01
2.370000000000000000e+02 5.908594653010368347e-01 5.314258465856314118e-01
2.380000000000000000e+02 6.104921698570251465e-01 5.312159578293562667e-01
2.390000000000000000e+02 5.952355489134788513e-01 5.346578224033118332e-01
2.400000000000000000e+02 6.070044189691543579e-01 5.327992288351058869e-01
2.410000000000000000e+02 5.921311378479003906e-01 5.331721277445554685e-01
2.420000000000000000e+02 5.974024757742881775e-01 5.341752001821995499e-01
2.430000000000000000e+02 6.011039912700653076e-01 5.336040695220232166e-01
2.440000000000000000e+02 6.145234480500221252e-01 5.350866985470057458e-01
2.450000000000000000e+02 6.118379905819892883e-01 5.342464041054248991e-01
2.460000000000000000e+02 5.992003306746482849e-01 5.336441153943538573e-01
2.470000000000000000e+02 5.949231982231140137e-01 5.341064127683639029e-01
2.480000000000000000e+02 5.943048372864723206e-01 5.376576070189478251e-01
2.490000000000000000e+02 5.924061089754104614e-01 5.359940888613463628e-01
2.500000000000000000e+02 5.957588180899620056e-01 5.351223352044822690e-01
2.510000000000000000e+02 5.737529769539833069e-01 5.364193122327327590e-01
2.520000000000000000e+02 5.864477306604385376e-01 5.379383680343627905e-01
2.530000000000000000e+02 5.973841696977615356e-01 5.371406559050082574e-01
2.540000000000000000e+02 5.847046151757240295e-01 5.381451926648617157e-01
2.550000000000000000e+02 5.983036160469055176e-01 5.354661433666945136e-01
2.560000000000000000e+02 6.029301956295967102e-01 5.385315903306009400e-01
2.570000000000000000e+02 5.881142616271972656e-01 5.372382859289646095e-01
2.580000000000000000e+02 6.259339749813079834e-01 5.391404140740636564e-01
2.590000000000000000e+02 5.804361552000045776e-01 5.384226184159517370e-01
2.600000000000000000e+02 5.773057788610458374e-01 5.389845312327148363e-01
2.610000000000000000e+02 5.905646383762359619e-01 5.388126278340816810e-01
2.620000000000000000e+02 6.012384220957756042e-01 5.406209319263697299e-01
2.630000000000000000e+02 5.784071087837219238e-01 5.428218687027692724e-01
2.640000000000000000e+02 6.014476865530014038e-01 5.383998905450105843e-01
2.650000000000000000e+02 5.922927930951118469e-01 5.400855791658170091e-01
2.660000000000000000e+02 5.903154239058494568e-01 5.412209038794042470e-01
2.670000000000000000e+02 5.858182907104492188e-01 5.400199562042952151e-01
2.680000000000000000e+02 6.099638417363166809e-01 5.385042052388191447e-01
2.690000000000000000e+02 6.099903807044029236e-01 5.395315328538421440e-01
2.700000000000000000e+02 5.836474820971488953e-01 5.417971343398093609e-01
2.710000000000000000e+02 6.177664324641227722e-01 5.413072756171226629e-01
2.720000000000000000e+02 6.045728102326393127e-01 5.406545584768056578e-01
2.730000000000000000e+02 5.795128121972084045e-01 5.410614667594435545e-01
2.740000000000000000e+02 5.980050191283226013e-01 5.400229133456946329e-01
2.750000000000000000e+02 5.862071886658668518e-01 5.417542062193154706e-01
2.760000000000000000e+02 5.872966498136520386e-01 5.421892096549272289e-01
2.770000000000000000e+02 5.840628072619438171e-01 5.409310010015966341e-01
2.780000000000000000e+02 6.064608097076416016e-01 5.420463257849217342e-01
2.790000000000000000e+02 5.902429372072219849e-01 5.438253480613233215e-01
2.800000000000000000e+02 5.876258462667465210e-01 5.429956063777208186e-01
2.810000000000000000e+02 5.794404223561286926e-01 5.420130933374167626e-01
2.820000000000000000e+02 5.802986025810241699e-01 5.422460598945617605e-01
2.830000000000000000e+02 6.303210034966468811e-01 5.418892871528864230e-01
2.840000000000000000e+02 5.831505209207534790e-01 5.418758059531452176e-01
2.850000000000000000e+02 5.853790342807769775e-01 5.434640382826327887e-01
2.860000000000000000e+02 5.862791463732719421e-01 5.454371290326118782e-01
2.870000000000000000e+02 5.948747843503952026e-01 5.427847669184209245e-01
2.880000000000000000e+02 5.901026949286460876e-01 5.430069752603770006e-01
2.890000000000000000e+02 5.870130807161331177e-01 5.440197964161637145e-01
2.900000000000000000e+02 6.025966405868530273e-01 5.428504143208265909e-01
2.910000000000000000e+02 5.926214903593063354e-01 5.435056379616263200e-01
2.920000000000000000e+02 5.927088782191276550e-01 5.446091834485531358e-01
2.930000000000000000e+02 5.983612388372421265e-01 5.452477309435606045e-01
2.940000000000000000e+02 5.861878544092178345e-01 5.446588238030671825e-01
2.950000000000000000e+02 5.949167907238006592e-01 5.450066281110048649e-01
2.960000000000000000e+02 5.909520611166954041e-01 5.456062075227503527e-01
2.970000000000000000e+02 5.806673765182495117e-01 5.440961530923842382e-01
2.980000000000000000e+02 5.786035656929016113e-01 5.448978929728269804e-01
2.990000000000000000e+02 5.956390351057052612e-01 5.447530744105577583e-01
3.000000000000000000e+02 6.009008437395095825e-01 5.442377143174410570e-01
3.010000000000000000e+02 5.826227590441703796e-01 5.453141477644445345e-01
3.020000000000000000e+02 5.913039147853851318e-01 5.448162698090075473e-01
3.030000000000000000e+02 5.861091911792755127e-01 5.457779918730258917e-01
3.040000000000000000e+02 5.904089510440826416e-01 5.451213863879442734e-01
3.050000000000000000e+02 5.929483026266098022e-01 5.466074136018752583e-01
3.060000000000000000e+02 5.835132673382759094e-01 5.463593899309637791e-01
3.070000000000000000e+02 5.987696349620819092e-01 5.452137213230132673e-01
3.080000000000000000e+02 5.999474003911018372e-01 5.461180217325687369e-01
3.090000000000000000e+02 5.839413329958915710e-01 5.452581393152478029e-01
3.100000000000000000e+02 5.843746364116668701e-01 5.472593806713819120e-01
3.110000000000000000e+02 5.883788019418716431e-01 5.474469197541476095e-01
3.120000000000000000e+02 5.915168225765228271e-01 5.469955209285021214e-01
3.130000000000000000e+02 5.955183953046798706e-01 5.468897512197494759e-01
3.140000000000000000e+02 5.863279327750205994e-01 5.470274711459874872e-01
3.150000000000000000e+02 5.887176617980003357e-01 5.475967865645885446e-01
3.160000000000000000e+02 6.000816822052001953e-01 5.466229859292508486e-01
3.170000000000000000e+02 6.227343454957008362e-01 5.458494769930839485e-01
3.180000000000000000e+02 5.881825909018516541e-01 5.469639939188957189e-01
3.190000000000000000e+02 6.062707975506782532e-01 5.474860274463893006e-01
3.200000000000000000e+02 5.901052206754684448e-01 5.476163740158082049e-01
3.210000000000000000e+02 5.800986886024475098e-01 5.480257672041655148e-01
3.220000000000000000e+02 5.890870317816734314e-01 5.467169425785542991e-01
3.230000000000000000e+02 5.875683277845382690e-01 5.506227022200823606e-01
3.240000000000000000e+02 5.998488590121269226e-01 5.482640863716603530e-01
3.250000000000000000e+02 5.963222384452819824e-01 5.475174064189195500e-01
3.260000000000000000e+02 5.794022604823112488e-01 5.488491531193256945e-01
3.270000000000000000e+02 5.976342484354972839e-01 5.473559973120689648e-01
3.280000000000000000e+02 5.925948396325111389e-01 5.480644193798303032e-01
3.290000000000000000e+02 6.044458672404289246e-01 5.489848439544440240e-01
3.300000000000000000e+02 5.814450979232788086e-01 5.495625730544329013e-01
3.310000000000000000e+02 6.017686352133750916e-01 5.487490613609553591e-01
3.320000000000000000e+02 5.856594592332839966e-01 5.495373416155577839e-01
3.330000000000000000e+02 5.844230279326438904e-01 5.500767566829920519e-01
3.340000000000000000e+02 5.940662175416946411e-01 5.497606098681688813e-01
3.350000000000000000e+02 5.952359586954116821e-01 5.490319097489119171e-01
3.360000000000000000e+02 5.844549611210823059e-01 5.494419326126576131e-01
3.370000000000000000e+02 5.874871909618377686e-01 5.502714296042920950e-01
3.380000000000000000e+02 5.914295241236686707e-01 5.493653004288674424e-01
3.390000000000000000e+02 5.865924656391143799e-01 5.502153721541165332e-01
3.400000000000000000e+02 5.939567089080810547e-01 5.508848414897918877e-01
3.410000000000000000e+02 5.960266739130020142e-01 5.507390414416790669e-01
3.420000000000000000e+02 5.900296047329902649e-01 5.525608226448301963e-01
3.430000000000000000e+02 5.926529839634895325e-01 5.501732939779762077e-01
3.440000000000000000e+02 5.937352105975151062e-01 5.509854136168961247e-01
3.450000000000000000e+02 5.967352166771888733e-01 5.494303761094808669e-01
3.460000000000000000e+02 5.957701504230499268e-01 5.506021268785001865e-01
3.470000000000000000e+02 5.955457761883735657e-01 5.516889487653970914e-01
3.480000000000000000e+02 5.811455622315406799e-01 5.511008399158718873e-01
3.490000000000000000e+02 5.944842621684074402e-01 5.512671502947807944e-01
3.500000000000000000e+02 6.347249522805213928e-01 5.502015573859214692e-01
3.510000000000000000e+02 5.936254784464836121e-01 5.522798787206412152e-01
3.520000000000000000e+02 6.099072992801666260e-01 5.513123520135883027e-01
3.530000000000000000e+02 5.906776562333106995e-01 5.519691770255565899e-01
3.540000000000000000e+02 6.073674857616424561e-01 5.519515872746706409e-01
3.550000000000000000e+02 5.865253359079360962e-01 5.518451899796725790e-01
3.560000000000000000e+02 5.916150584816932678e-01 5.522527980387210711e-01
3.570000000000000000e+02 6.062370762228965759e-01 5.520275829851626348e-01
3.580000000000000000e+02 5.957263782620429993e-01 5.522446509957315008e-01
3.590000000000000000e+02 5.954832807183265686e-01 5.528312721669674801e-01
3.600000000000000000e+02 6.109306588768959045e-01 5.513147506415845278e-01
3.610000000000000000e+02 6.192211657762527466e-01 5.516358307629825042e-01
3.620000000000000000e+02 5.933652147650718689e-01 5.521880419820548447e-01
3.630000000000000000e+02 5.929385423660278320e-01 5.523483123093844149e-01
3.640000000000000000e+02 5.988606065511703491e-01 5.531915510147809023e-01
3.650000000000000000e+02 5.967025905847549438e-01 5.518352669984103454e-01
3.660000000000000000e+02 6.032388731837272644e-01 5.512356383234262580e-01
3.670000000000000000e+02 6.013974174857139587e-01 5.520116861194372948e-01
3.680000000000000000e+02 5.993517115712165833e-01 5.523540102154016473e-01
3.690000000000000000e+02 5.917794704437255859e-01 5.536914373338222006e-01
3.700000000000000000e+02 5.890446007251739502e-01 5.540237803906205016e-01
3.710000000000000000e+02 5.926531627774238586e-01 5.551667848169803410e-01
3.720000000000000000e+02 5.967140197753906250e-01 5.537555211335420946e-01
3.730000000000000000e+02 5.974714383482933044e-01 5.532895830541850746e-01
3.740000000000000000e+02 5.858017429709434509e-01 5.534408780992030596e-01
3.750000000000000000e+02 5.926708877086639404e-01 5.530328555822374703e-01
3.760000000000000000e+02 5.933666974306106567e-01 5.537560942351817950e-01
3.770000000000000000e+02 5.878845676779747009e-01 5.535475985199213023e-01
3.780000000000000000e+02 5.959150344133377075e-01 5.532972157925368784e-01
3.790000000000000000e+02 5.987606421113014221e-01 5.531080614507198900e-01
3.800000000000000000e+02 5.982950478792190552e-01 5.535256564170123461e-01
3.810000000000000000e+02 6.050510928034782410e-01 5.540658580690625001e-01
3.820000000000000000e+02 6.025064140558242798e-01 5.539253717184067227e-01
3.830000000000000000e+02 5.886313691735267639e-01 5.548046239912509670e-01
3.840000000000000000e+02 5.922795832157135010e-01 5.537274496823549885e-01
3.850000000000000000e+02 5.904996320605278015e-01 5.547544223934410823e-01
3.860000000000000000e+02 5.986472442746162415e-01 5.534967052787544972e-01
3.870000000000000000e+02 5.868819653987884521e-01 5.545635971039533096e-01
3.880000000000000000e+02 5.954796522855758667e-01 5.543767626076938626e-01
3.890000000000000000e+02 5.940884873270988464e-01 5.547943911910058201e-01
3.900000000000000000e+02 6.064785867929458618e-01 5.534035577803850803e-01
3.910000000000000000e+02 5.951220095157623291e-01 5.547998520404102685e-01
3.920000000000000000e+02 5.900490656495094299e-01 5.557274573922157401e-01
3.930000000000000000e+02 5.914023965597152710e-01 5.556906146287918791e-01
3.940000000000000000e+02 5.910371020436286926e-01 5.556179143339399218e-01
3.950000000000000000e+02 6.069213300943374634e-01 5.552260564327240466e-01
3.960000000000000000e+02 5.929094403982162476e-01 5.555939229249954314e-01
3.970000000000000000e+02 6.000907421112060547e-01 5.548160457134247991e-01
3.980000000000000000e+02 6.257379576563835144e-01 5.540654360353949315e-01
3.990000000000000000e+02 5.971778407692909241e-01 5.559981954693795636e-01
4.000000000000000000e+02 6.005816087126731873e-01 5.552379425227642606e-01
4.010000000000000000e+02 5.908147618174552917e-01 5.564045560777187704e-01
4.020000000000000000e+02 6.088508293032646179e-01 5.569597866207360859e-01
4.030000000000000000e+02 5.990129783749580383e-01 5.562673997491598410e-01
4.040000000000000000e+02 6.012434437870979309e-01 5.562683850705623101e-01
4.050000000000000000e+02 5.926223844289779663e-01 5.554776409834625284e-01
4.060000000000000000e+02 5.957079306244850159e-01 5.555215374380351179e-01
4.070000000000000000e+02 6.019803509116172791e-01 5.562883449614051123e-01
4.080000000000000000e+02 6.028328090906143188e-01 5.564961907148360254e-01
4.090000000000000000e+02 6.033431291580200195e-01 5.562859415292740195e-01
4.100000000000000000e+02 5.977307781577110291e-01 5.561835372120143006e-01
4.110000000000000000e+02 5.912009328603744507e-01 5.570359246760606675e-01
4.120000000000000000e+02 6.116811111569404602e-01 5.567977482974528769e-01
4.130000000000000000e+02 5.979515984654426575e-01 5.566077568173408707e-01
4.140000000000000000e+02 5.942792221903800964e-01 5.573827384293079668e-01
4.150000000000000000e+02 5.960911214351654053e-01 5.568205965489150255e-01
4.160000000000000000e+02 6.081953272223472595e-01 5.606176476597786174e-01
4.170000000000000000e+02 6.123744398355484009e-01 5.557670125722886656e-01
4.180000000000000000e+02 5.967826619744300842e-01 5.564153245151044480e-01
4.190000000000000000e+02 5.938862562179565430e-01 5.568573150664568594e-01
4.200000000000000000e+02 6.028387546539306641e-01 5.566753398150205978e-01
4.210000000000000000e+02 5.924101769924163818e-01 5.575429284274577846e-01
4.220000000000000000e+02 5.982668623328208923e-01 5.575731672137980155e-01
4.230000000000000000e+02 5.980594977736473083e-01 5.570184296697378024e-01
4.240000000000000000e+02 6.077851951122283936e-01 5.575389040023086551e-01
4.250000000000000000e+02 5.968699753284454346e-01 5.583048154652119344e-01
4.260000000000000000e+02 5.930501893162727356e-01 5.576445775091649626e-01
4.270000000000000000e+02 6.111243367195129395e-01 5.582754161596298337e-01
4.280000000000000000e+02 6.064017638564109802e-01 5.585071484923362917e-01
4.290000000000000000e+02 5.944392085075378418e-01 5.578335790425539287e-01
4.300000000000000000e+02 5.943452715873718262e-01 5.590484196960925356e-01
4.310000000000000000e+02 6.023823022842407227e-01 5.595508444815875393e-01
4.320000000000000000e+02 6.002268940210342407e-01 5.581679322034123203e-01
4.330000000000000000e+02 6.046690270304679871e-01 5.593671980500221075e-01
4.340000000000000000e+02 6.037891581654548645e-01 5.583003014862537583e-01
4.350000000000000000e+02 6.083270460367202759e-01 5.594798186093569159e-01
4.360000000000000000e+02 6.000685095787048340e-01 5.583747906208038625e-01
4.370000000000000000e+02 5.952460169792175293e-01 5.589775157511234216e-01
4.380000000000000000e+02 5.974674895405769348e-01 5.587364776998757776e-01
4.390000000000000000e+02 5.973097905516624451e-01 5.582673902899029095e-01
4.400000000000000000e+02 6.066485643386840820e-01 5.588957706153396821e-01
4.410000000000000000e+02 5.934434011578559875e-01 5.594962409585715335e-01
4.420000000000000000e+02 5.983426794409751892e-01 5.582173828542233984e-01
4.430000000000000000e+02 5.978288650512695312e-01 5.584798738688230291e-01
4.440000000000000000e+02 5.987819731235504150e-01 5.592168875247239823e-01
4.450000000000000000e+02 6.063576787710189819e-01 5.600201287478210332e-01
4.460000000000000000e+02 5.986832752823829651e-01 5.588871543794873276e-01
4.470000000000000000e+02 6.029800772666931152e-01 5.586869816303252634e-01
4.480000000000000000e+02 6.042230799794197083e-01 5.592768331438300322e-01
4.490000000000000000e+02 6.003124713897705078e-01 5.592070790320637919e-01
4.500000000000000000e+02 6.004786416888237000e-01 5.594498074620961603e-01
4.510000000000000000e+02 6.034846305847167969e-01 5.594909560173753071e-01
4.520000000000000000e+02 5.997183322906494141e-01 5.600503878772258304e-01
4.530000000000000000e+02 6.039308160543441772e-01 5.592449623882771448e-01
4.540000000000000000e+02 5.991289615631103516e-01 5.592317679584026813e-01
4.550000000000000000e+02 6.006587147712707520e-01 5.591339823305605528e-01
4.560000000000000000e+02 6.034160777926445007e-01 5.592669741481542944e-01
4.570000000000000000e+02 6.065654531121253967e-01 5.604449810147289490e-01
4.580000000000000000e+02 5.974195674061775208e-01 5.600100597918036271e-01
4.590000000000000000e+02 6.039231494069099426e-01 5.598462367862464539e-01
4.600000000000000000e+02 5.969454795122146606e-01 5.595554065704346769e-01
4.610000000000000000e+02 6.180021315813064575e-01 5.588250146865845203e-01
4.620000000000000000e+02 5.991921946406364441e-01 5.597198221594095191e-01
4.630000000000000000e+02 6.048305854201316833e-01 5.596355981230738408e-01
4.640000000000000000e+02 5.987658277153968811e-01 5.599918805897234897e-01
4.650000000000000000e+02 5.983048453927040100e-01 5.601606390804052538e-01
4.660000000000000000e+02 6.009221374988555908e-01 5.602189521014691032e-01
4.670000000000000000e+02 6.052041277289390564e-01 5.615065773636103152e-01
4.680000000000000000e+02 6.106255427002906799e-01 5.611202013641598541e-01
4.690000000000000000e+02 5.997894331812858582e-01 5.602658193767070527e-01
4.700000000000000000e+02 6.053323075175285339e-01 5.599325506389143392e-01
4.710000000000000000e+02 6.008821651339530945e-01 5.599462125718597250e-01
4.720000000000000000e+02 6.029859483242034912e-01 5.603845365554094293e-01
4.730000000000000000e+02 6.012809053063392639e-01 5.609318837076426867e-01
4.740000000000000000e+02 6.058702915906906128e-01 5.602695750951767195e-01
4.750000000000000000e+02 5.999924093484878540e-01 5.600461651593446888e-01
4.760000000000000000e+02 6.006608158349990845e-01 5.603068595409392838e-01
4.770000000000000000e+02 6.057483628392219543e-01 5.608619959741831806e-01
4.780000000000000000e+02 6.053865328431129456e-01 5.604525746285915488e-01
4.790000000000000000e+02 6.106218323111534119e-01 5.605102203994989374e-01
4.800000000000000000e+02 5.976500883698463440e-01 5.604103846162558078e-01
4.810000000000000000e+02 6.027155295014381409e-01 5.604440479904413408e-01
4.820000000000000000e+02 6.009517982602119446e-01 5.612253093093633183e-01
4.830000000000000000e+02 6.183752939105033875e-01 5.608804232537751844e-01
4.840000000000000000e+02 6.075837314128875732e-01 5.608433768719434109e-01
4.850000000000000000e+02 6.011492535471916199e-01 5.607720796704294131e-01
4.860000000000000000e+02 5.991587191820144653e-01 5.609388881862165110e-01
4.870000000000000000e+02 6.033847779035568237e-01 5.609762506246567249e-01
4.880000000000000000e+02 6.007740274071693420e-01 5.615124703466893852e-01
4.890000000000000000e+02 6.006910949945449829e-01 5.615688209742308867e-01
4.900000000000000000e+02 6.020783185958862305e-01 5.613855541944503535e-01
4.910000000000000000e+02 5.995038300752639771e-01 5.616153977811340070e-01
4.920000000000000000e+02 6.019691154360771179e-01 5.617433115154504275e-01
4.930000000000000000e+02 6.028641983866691589e-01 5.613343221127987670e-01
4.940000000000000000e+02 6.080627888441085815e-01 5.612590099304917146e-01
4.950000000000000000e+02 6.119982749223709106e-01 5.610575069934129466e-01
4.960000000000000000e+02 6.007930561900138855e-01 5.615380592435599283e-01
4.970000000000000000e+02 6.066113784909248352e-01 5.620051608383658248e-01
4.980000000000000000e+02 6.125854775309562683e-01 5.610006359249355423e-01
4.990000000000000000e+02 6.073834672570228577e-01 5.615527216553690693e-01
