t dd no-dd
1.000000000000000000e+00 1.645542907714843750e+01 1.745410346984863281e+01
1.000000000000000000e+00 1.645542907714843750e+01 1.745410346984863281e+01
1.000000000000000000e+00 1.645542907714843750e+01 1.745410346984863281e+01
1.000000000000000000e+00 1.645542907714843750e+01 1.745410346984863281e+01
1.000000000000000000e+00 1.645542907714843750e+01 1.745410346984863281e+01
1.000000000000000000e+00 1.645542907714843750e+01 1.745410346984863281e+01
1.000000000000000000e+00 1.645542907714843750e+01 1.745410346984863281e+01
1.000000000000000000e+00 1.645542907714843750e+01 1.745410346984863281e+01
1.000000000000000000e+00 1.645542907714843750e+01 1.745410346984863281e+01
1.000000000000000000e+00 1.645542907714843750e+01 1.745410346984863281e+01
1.000000000000000000e+00 1.645542907714843750e+01 1.745410346984863281e+01
1.000000000000000000e+00 1.645542907714843750e+01 1.745410346984863281e+01
1.000000000000000000e+00 1.645542907714843750e+01 1.745410346984863281e+01
1.000000000000000000e+00 1.645542907714843750e+01 1.745410346984863281e+01
1.000000000000000000e+00 1.645542907714843750e+01 1.745410346984863281e+01
1.000000000000000000e+00 1.645542907714843750e+01 1.745410346984863281e+01
1.000000000000000000e+00 1.645542907714843750e+01 1.745410346984863281e+01
1.000000000000000000e+00 1.645542907714843750e+01 1.745410346984863281e+01
1.000000000000000000e+00 1.645542907714843750e+01 1.745410346984863281e+01
1.000000000000000000e+00 1.645542907714843750e+01 1.745410346984863281e+01
1.000000000000000000e+00 1.645542907714843750e+01 1.745410346984863281e+01
1.000000000000000000e+00 1.645542907714843750e+01 1.745410346984863281e+01
1.000000000000000000e+00 1.645542907714843750e+01 1.745410346984863281e+01
1.000000000000000000e+00 1.645542907714843750e+01 1.745410346984863281e+01
1.000000000000000000e+00 1.645542907714843750e+01 1.745410346984863281e+01
1.000000000000000000e+00 1.645542907714843750e+01 1.745410346984863281e+01
1.000000000000000000e+00 1.645542907714843750e+01 1.745410346984863281e+01
1.000000000000000000e+00 1.645542907714843750e+01 1.745410346984863281e+01
1.000000000000000000e+00 1.645542907714843750e+01 1.745410346984863281e+01
1.000000000000000000e+00 1.645542907714843750e+01 1.745410346984863281e+01
1.000000000000000000e+00 1.645542907714843750e+01 1.745410346984863281e+01
1.000000000000000000e+00 1.645542907714843750e+01 1.745410346984863281e+01
1.000000000000000000e+00 1.645542907714843750e+01 1.745410346984863281e+01
1.000000000000000000e+00 1.645542907714843750e+01 1.745410346984863281e+01
1.000000000000000000e+00 1.645542907714843750e+01 1.745410346984863281e+01
1.000000000000000000e+00 1.645542907714843750e+01 1.745410346984863281e+01
1.000000000000000000e+00 1.645542907714843750e+01 1.745410346984863281e+01
1.000000000000000000e+00 1.645542907714843750e+01 1.745410346984863281e+01
1.000000000000000000e+00 1.645542907714843750e+01 1.745410346984863281e+01
1.000000000000000000e+00 1.645542907714843750e+01 1.745410346984863281e+01
1.000000000000000000e+00 1.645542907714843750e+01 1.745410346984863281e+01
1.000000000000000000e+00 1.645542907714843750e+01 1.745410346984863281e+01
1.000000000000000000e+00 1.645542907714843750e+01 1.745410346984863281e+01
1.000000000000000000e+00 1.645542907714843750e+01 1.745410346984863281e+01
1.000000000000000000e+00 1.645542907714843750e+01 1.745410346984863281e+01
2.000000000000000000e+00 1.483934211730957031e+01 1.744496154785156250e+01
2.000000000000000000e+00 1.483934211730957031e+01 1.744496154785156250e+01
2.000000000000000000e+00 1.483934211730957031e+01 1.744496154785156250e+01
2.000000000000000000e+00 1.483934211730957031e+01 1.744496154785156250e+01
2.000000000000000000e+00 1.483934211730957031e+01 1.744496154785156250e+01
2.000000000000000000e+00 1.483934211730957031e+01 1.744496154785156250e+01
2.000000000000000000e+00 1.483934211730957031e+01 1.744496154785156250e+01
2.000000000000000000e+00 1.483934211730957031e+01 1.744496154785156250e+01
2.000000000000000000e+00 1.483934211730957031e+01 1.744496154785156250e+01
2.000000000000000000e+00 1.483934211730957031e+01 1.744496154785156250e+01
2.000000000000000000e+00 1.483934211730957031e+01 1.744496154785156250e+01
2.000000000000000000e+00 1.483934211730957031e+01 1.744496154785156250e+01
2.000000000000000000e+00 1.483934211730957031e+01 1.744496154785156250e+01
2.000000000000000000e+00 1.483934211730957031e+01 1.744496154785156250e+01
2.000000000000000000e+00 1.483934211730957031e+01 1.744496154785156250e+01
2.000000000000000000e+00 1.483934211730957031e+01 1.744496154785156250e+01
2.000000000000000000e+00 1.483934211730957031e+01 1.744496154785156250e+01
2.000000000000000000e+00 1.483934211730957031e+01 1.744496154785156250e+01
2.000000000000000000e+00 1.483934211730957031e+01 1.744496154785156250e+01
2.000000000000000000e+00 1.483934211730957031e+01 1.744496154785156250e+01
2.000000000000000000e+00 1.483934211730957031e+01 1.744496154785156250e+01
2.000000000000000000e+00 1.483934211730957031e+01 1.744496154785156250e+01
2.000000000000000000e+00 1.483934211730957031e+01 1.744496154785156250e+01
2.000000000000000000e+00 1.483934211730957031e+01 1.744496154785156250e+01
2.000000000000000000e+00 1.483934211730957031e+01 1.744496154785156250e+01
2.000000000000000000e+00 1.483934211730957031e+01 1.744496154785156250e+01
3.000000000000000000e+00 1.184878826141357422e+01 1.743432998657226562e+01
3.000000000000000000e+00 1.184878826141357422e+01 1.743432998657226562e+01
3.000000000000000000e+00 1.184878826141357422e+01 1.743432998657226562e+01
3.000000000000000000e+00 1.184878826141357422e+01 1.743432998657226562e+01
3.000000000000000000e+00 1.184878826141357422e+01 1.743432998657226562e+01
3.000000000000000000e+00 1.184878826141357422e+01 1.743432998657226562e+01
3.000000000000000000e+00 1.184878826141357422e+01 1.743432998657226562e+01
3.000000000000000000e+00 1.184878826141357422e+01 1.743432998657226562e+01
3.000000000000000000e+00 1.184878826141357422e+01 1.743432998657226562e+01
3.000000000000000000e+00 1.184878826141357422e+01 1.743432998657226562e+01
3.000000000000000000e+00 1.184878826141357422e+01 1.743432998657226562e+01
3.000000000000000000e+00 1.184878826141357422e+01 1.743432998657226562e+01
3.000000000000000000e+00 1.184878826141357422e+01 1.743432998657226562e+01
3.000000000000000000e+00 1.184878826141357422e+01 1.743432998657226562e+01
3.000000000000000000e+00 1.184878826141357422e+01 1.743432998657226562e+01
3.000000000000000000e+00 1.184878826141357422e+01 1.743432998657226562e+01
3.000000000000000000e+00 1.184878826141357422e+01 1.743432998657226562e+01
3.000000000000000000e+00 1.184878826141357422e+01 1.743432998657226562e+01
3.000000000000000000e+00 1.184878826141357422e+01 1.743432998657226562e+01
4.000000000000000000e+00 9.004619598388671875e+00 1.742182922363281250e+01
4.000000000000000000e+00 9.004619598388671875e+00 1.742182922363281250e+01
4.000000000000000000e+00 9.004619598388671875e+00 1.742182922363281250e+01
4.000000000000000000e+00 9.004619598388671875e+00 1.742182922363281250e+01
4.000000000000000000e+00 9.004619598388671875e+00 1.742182922363281250e+01
4.000000000000000000e+00 9.004619598388671875e+00 1.742182922363281250e+01
4.000000000000000000e+00 9.004619598388671875e+00 1.742182922363281250e+01
4.000000000000000000e+00 9.004619598388671875e+00 1.742182922363281250e+01
4.000000000000000000e+00 9.004619598388671875e+00 1.742182922363281250e+01
4.000000000000000000e+00 9.004619598388671875e+00 1.742182922363281250e+01
4.000000000000000000e+00 9.004619598388671875e+00 1.742182922363281250e+01
4.000000000000000000e+00 9.004619598388671875e+00 1.742182922363281250e+01
4.000000000000000000e+00 9.004619598388671875e+00 1.742182922363281250e+01
4.000000000000000000e+00 9.004619598388671875e+00 1.742182922363281250e+01
5.000000000000000000e+00 8.156336784362792969e+00 1.740765953063964844e+01
5.000000000000000000e+00 8.156336784362792969e+00 1.740765953063964844e+01
5.000000000000000000e+00 8.156336784362792969e+00 1.740765953063964844e+01
5.000000000000000000e+00 8.156336784362792969e+00 1.740765953063964844e+01
5.000000000000000000e+00 8.156336784362792969e+00 1.740765953063964844e+01
5.000000000000000000e+00 8.156336784362792969e+00 1.740765953063964844e+01
5.000000000000000000e+00 8.156336784362792969e+00 1.740765953063964844e+01
5.000000000000000000e+00 8.156336784362792969e+00 1.740765953063964844e+01
5.000000000000000000e+00 8.156336784362792969e+00 1.740765953063964844e+01
5.000000000000000000e+00 8.156336784362792969e+00 1.740765953063964844e+01
5.000000000000000000e+00 8.156336784362792969e+00 1.740765953063964844e+01
5.000000000000000000e+00 8.156336784362792969e+00 1.740765953063964844e+01
6.000000000000000000e+00 7.505472183227539062e+00 1.738987541198730469e+01
6.000000000000000000e+00 7.505472183227539062e+00 1.738987541198730469e+01
6.000000000000000000e+00 7.505472183227539062e+00 1.738987541198730469e+01
6.000000000000000000e+00 7.505472183227539062e+00 1.738987541198730469e+01
6.000000000000000000e+00 7.505472183227539062e+00 1.738987541198730469e+01
6.000000000000000000e+00 7.505472183227539062e+00 1.738987541198730469e+01
6.000000000000000000e+00 7.505472183227539062e+00 1.738987541198730469e+01
6.000000000000000000e+00 7.505472183227539062e+00 1.738987541198730469e+01
6.000000000000000000e+00 7.505472183227539062e+00 1.738987541198730469e+01
6.000000000000000000e+00 7.505472183227539062e+00 1.738987541198730469e+01
7.000000000000000000e+00 7.017141342163085938e+00 1.736769676208496094e+01
7.000000000000000000e+00 7.017141342163085938e+00 1.736769676208496094e+01
7.000000000000000000e+00 7.017141342163085938e+00 1.736769676208496094e+01
7.000000000000000000e+00 7.017141342163085938e+00 1.736769676208496094e+01
7.000000000000000000e+00 7.017141342163085938e+00 1.736769676208496094e+01
7.000000000000000000e+00 7.017141342163085938e+00 1.736769676208496094e+01
7.000000000000000000e+00 7.017141342163085938e+00 1.736769676208496094e+01
7.000000000000000000e+00 7.017141342163085938e+00 1.736769676208496094e+01
7.000000000000000000e+00 7.017141342163085938e+00 1.736769676208496094e+01
8.000000000000000000e+00 6.582776546478271484e+00 1.734014129638671875e+01
8.000000000000000000e+00 6.582776546478271484e+00 1.734014129638671875e+01
8.000000000000000000e+00 6.582776546478271484e+00 1.734014129638671875e+01
8.000000000000000000e+00 6.582776546478271484e+00 1.734014129638671875e+01
8.000000000000000000e+00 6.582776546478271484e+00 1.734014129638671875e+01
8.000000000000000000e+00 6.582776546478271484e+00 1.734014129638671875e+01
8.000000000000000000e+00 6.582776546478271484e+00 1.734014129638671875e+01
9.000000000000000000e+00 6.264838695526123047e+00 1.730629730224609375e+01
9.000000000000000000e+00 6.264838695526123047e+00 1.730629730224609375e+01
9.000000000000000000e+00 6.264838695526123047e+00 1.730629730224609375e+01
9.000000000000000000e+00 6.264838695526123047e+00 1.730629730224609375e+01
9.000000000000000000e+00 6.264838695526123047e+00 1.730629730224609375e+01
9.000000000000000000e+00 6.264838695526123047e+00 1.730629730224609375e+01
9.000000000000000000e+00 6.264838695526123047e+00 1.730629730224609375e+01
1.000000000000000000e+01 5.989981174468994141e+00 1.726523590087890625e+01
1.000000000000000000e+01 5.989981174468994141e+00 1.726523590087890625e+01
1.000000000000000000e+01 5.989981174468994141e+00 1.726523590087890625e+01
1.000000000000000000e+01 5.989981174468994141e+00 1.726523590087890625e+01
1.000000000000000000e+01 5.989981174468994141e+00 1.726523590087890625e+01
1.000000000000000000e+01 5.989981174468994141e+00 1.726523590087890625e+01
1.100000000000000000e+01 5.765110015869140625e+00 1.721592712402343750e+01
1.100000000000000000e+01 5.765110015869140625e+00 1.721592712402343750e+01
1.100000000000000000e+01 5.765110015869140625e+00 1.721592712402343750e+01
1.100000000000000000e+01 5.765110015869140625e+00 1.721592712402343750e+01
1.100000000000000000e+01 5.765110015869140625e+00 1.721592712402343750e+01
1.100000000000000000e+01 5.765110015869140625e+00 1.721592712402343750e+01
1.200000000000000000e+01 5.573743343353271484e+00 1.715722465515136719e+01
1.200000000000000000e+01 5.573743343353271484e+00 1.715722465515136719e+01
1.200000000000000000e+01 5.573743343353271484e+00 1.715722465515136719e+01
1.200000000000000000e+01 5.573743343353271484e+00 1.715722465515136719e+01
1.200000000000000000e+01 5.573743343353271484e+00 1.715722465515136719e+01
1.300000000000000000e+01 5.428215503692626953e+00 1.708843994140625000e+01
1.300000000000000000e+01 5.428215503692626953e+00 1.708843994140625000e+01
1.300000000000000000e+01 5.428215503692626953e+00 1.708843994140625000e+01
1.300000000000000000e+01 5.428215503692626953e+00 1.708843994140625000e+01
1.300000000000000000e+01 5.428215503692626953e+00 1.708843994140625000e+01
1.400000000000000000e+01 5.310397148132324219e+00 1.701055145263671875e+01
1.400000000000000000e+01 5.310397148132324219e+00 1.701055145263671875e+01
1.400000000000000000e+01 5.310397148132324219e+00 1.701055145263671875e+01
1.400000000000000000e+01 5.310397148132324219e+00 1.701055145263671875e+01
1.500000000000000000e+01 5.219144344329833984e+00 1.692146682739257812e+01
1.500000000000000000e+01 5.219144344329833984e+00 1.692146682739257812e+01
1.500000000000000000e+01 5.219144344329833984e+00 1.692146682739257812e+01
1.500000000000000000e+01 5.219144344329833984e+00 1.692146682739257812e+01
1.500000000000000000e+01 5.219144344329833984e+00 1.692146682739257812e+01
1.600000000000000000e+01 5.131055831909179688e+00 1.681941223144531250e+01
1.600000000000000000e+01 5.131055831909179688e+00 1.681941223144531250e+01
1.600000000000000000e+01 5.131055831909179688e+00 1.681941223144531250e+01
1.600000000000000000e+01 5.131055831909179688e+00 1.681941223144531250e+01
1.700000000000000000e+01 5.063228607177734375e+00 1.670376968383789062e+01
1.700000000000000000e+01 5.063228607177734375e+00 1.670376968383789062e+01
1.700000000000000000e+01 5.063228607177734375e+00 1.670376968383789062e+01
1.800000000000000000e+01 4.996858596801757812e+00 1.657322311401367188e+01
1.800000000000000000e+01 4.996858596801757812e+00 1.657322311401367188e+01
1.800000000000000000e+01 4.996858596801757812e+00 1.657322311401367188e+01
1.800000000000000000e+01 4.996858596801757812e+00 1.657322311401367188e+01
1.900000000000000000e+01 4.939050674438476562e+00 1.642699432373046875e+01
1.900000000000000000e+01 4.939050674438476562e+00 1.642699432373046875e+01
1.900000000000000000e+01 4.939050674438476562e+00 1.642699432373046875e+01
2.000000000000000000e+01 4.882578372955322266e+00 1.626413917541503906e+01
2.000000000000000000e+01 4.882578372955322266e+00 1.626413917541503906e+01
2.000000000000000000e+01 4.882578372955322266e+00 1.626413917541503906e+01
2.100000000000000000e+01 4.835395336151123047e+00 1.608382606506347656e+01
2.100000000000000000e+01 4.835395336151123047e+00 1.608382606506347656e+01
2.100000000000000000e+01 4.835395336151123047e+00 1.608382606506347656e+01
2.200000000000000000e+01 4.788586139678955078e+00 1.588512325286865234e+01
2.200000000000000000e+01 4.788586139678955078e+00 1.588512325286865234e+01
2.200000000000000000e+01 4.788586139678955078e+00 1.588512325286865234e+01
2.300000000000000000e+01 4.752446174621582031e+00 1.567720317840576172e+01
2.300000000000000000e+01 4.752446174621582031e+00 1.567720317840576172e+01
2.300000000000000000e+01 4.752446174621582031e+00 1.567720317840576172e+01
2.400000000000000000e+01 4.710600852966308594e+00 1.546268558502197266e+01
2.400000000000000000e+01 4.710600852966308594e+00 1.546268558502197266e+01
2.500000000000000000e+01 4.677724838256835938e+00 1.523411941528320312e+01
2.500000000000000000e+01 4.677724838256835938e+00 1.523411941528320312e+01
2.500000000000000000e+01 4.677724838256835938e+00 1.523411941528320312e+01
2.600000000000000000e+01 4.640441417694091797e+00 1.499015140533447266e+01
2.600000000000000000e+01 4.640441417694091797e+00 1.499015140533447266e+01
2.700000000000000000e+01 4.609920978546142578e+00 1.473429298400878906e+01
2.700000000000000000e+01 4.609920978546142578e+00 1.473429298400878906e+01
2.700000000000000000e+01 4.609920978546142578e+00 1.473429298400878906e+01
2.800000000000000000e+01 4.575077533721923828e+00 1.448917007446289062e+01
2.800000000000000000e+01 4.575077533721923828e+00 1.448917007446289062e+01
2.900000000000000000e+01 4.552315235137939453e+00 1.423679161071777344e+01
2.900000000000000000e+01 4.552315235137939453e+00 1.423679161071777344e+01
3.000000000000000000e+01 4.521461963653564453e+00 1.397595977783203125e+01
3.000000000000000000e+01 4.521461963653564453e+00 1.397595977783203125e+01
3.100000000000000000e+01 4.502553462982177734e+00 1.370849227905273438e+01
3.100000000000000000e+01 4.502553462982177734e+00 1.370849227905273438e+01
3.200000000000000000e+01 4.473664760589599609e+00 1.343313026428222656e+01
3.200000000000000000e+01 4.473664760589599609e+00 1.343313026428222656e+01
3.300000000000000000e+01 4.458751201629638672e+00 1.315100574493408203e+01
3.300000000000000000e+01 4.458751201629638672e+00 1.315100574493408203e+01
3.400000000000000000e+01 4.429200172424316406e+00 1.286339187622070312e+01
3.400000000000000000e+01 4.429200172424316406e+00 1.286339187622070312e+01
3.500000000000000000e+01 4.417832851409912109e+00 1.261029434204101562e+01
3.500000000000000000e+01 4.417832851409912109e+00 1.261029434204101562e+01
3.600000000000000000e+01 4.389539718627929688e+00 1.236601638793945312e+01
3.600000000000000000e+01 4.389539718627929688e+00 1.236601638793945312e+01
3.700000000000000000e+01 4.381077289581298828e+00 1.211748695373535156e+01
3.700000000000000000e+01 4.381077289581298828e+00 1.211748695373535156e+01
3.800000000000000000e+01 4.354872226715087891e+00 1.187090206146240234e+01
3.900000000000000000e+01 4.347900867462158203e+00 1.162252235412597656e+01
3.900000000000000000e+01 4.347900867462158203e+00 1.162252235412597656e+01
4.000000000000000000e+01 4.322680473327636719e+00 1.136886692047119141e+01
4.100000000000000000e+01 4.324458599090576172e+00 1.111182022094726562e+01
4.100000000000000000e+01 4.324458599090576172e+00 1.111182022094726562e+01
4.200000000000000000e+01 4.299140930175781250e+00 1.085383987426757812e+01
4.300000000000000000e+01 4.303052902221679688e+00 1.059437370300292969e+01
4.300000000000000000e+01 4.303052902221679688e+00 1.059437370300292969e+01
4.400000000000000000e+01 4.276327610015869141e+00 1.034424304962158203e+01
4.500000000000000000e+01 4.283934593200683594e+00 1.010086345672607422e+01
4.500000000000000000e+01 4.283934593200683594e+00 1.010086345672607422e+01
4.600000000000000000e+01 4.254452705383300781e+00 9.861464500427246094e+00
4.700000000000000000e+01 4.266475677490234375e+00 9.624451637268066406e+00
4.700000000000000000e+01 4.266475677490234375e+00 9.624451637268066406e+00
4.800000000000000000e+01 4.232995510101318359e+00 9.411343574523925781e+00
4.900000000000000000e+01 4.251439094543457031e+00 9.206674575805664062e+00
5.000000000000000000e+01 4.212954521179199219e+00 9.013662338256835938e+00
5.000000000000000000e+01 4.212954521179199219e+00 9.013662338256835938e+00
5.100000000000000000e+01 4.238964080810546875e+00 8.829157829284667969e+00
5.200000000000000000e+01 4.193556308746337891e+00 8.658514022827148438e+00
5.300000000000000000e+01 4.228861808776855469e+00 8.496387481689453125e+00
5.400000000000000000e+01 4.174514293670654297e+00 8.344768524169921875e+00
5.500000000000000000e+01 4.219577789306640625e+00 8.201441764831542969e+00
5.500000000000000000e+01 4.219577789306640625e+00 8.201441764831542969e+00
5.600000000000000000e+01 4.155111312866210938e+00 8.069246292114257812e+00
5.700000000000000000e+01 4.211291790008544922e+00 7.948386192321777344e+00
5.800000000000000000e+01 4.136999607086181641e+00 7.837373733520507812e+00
5.900000000000000000e+01 4.205393791198730469e+00 7.736225128173828125e+00
6.000000000000000000e+01 4.122068405151367188e+00 7.642168521881103516e+00
6.100000000000000000e+01 4.200477600097656250e+00 7.556391716003417969e+00
6.200000000000000000e+01 4.106616497039794922e+00 7.475157260894775391e+00
6.300000000000000000e+01 4.199068069458007812e+00 7.399200916290283203e+00
6.400000000000000000e+01 4.091105461120605469e+00 7.326663970947265625e+00
6.500000000000000000e+01 4.199244499206542969e+00 7.258813858032226562e+00
6.600000000000000000e+01 4.077072620391845703e+00 7.194577693939208984e+00
6.700000000000000000e+01 4.199082851409912109e+00 7.132638931274414062e+00
6.800000000000000000e+01 4.064672946929931641e+00 7.072594165802001953e+00
6.900000000000000000e+01 4.199316501617431641e+00 7.014547824859619141e+00
7.000000000000000000e+01 4.052722930908203125e+00 6.958071708679199219e+00
7.100000000000000000e+01 4.199240684509277344e+00 6.902973651885986328e+00
7.200000000000000000e+01 4.041923046112060547e+00 6.850224018096923828e+00
7.300000000000000000e+01 4.197414875030517578e+00 6.799761295318603516e+00
7.500000000000000000e+01 4.193463802337646484e+00 6.704931259155273438e+00
7.600000000000000000e+01 4.025320053100585938e+00 6.658967494964599609e+00
7.700000000000000000e+01 4.188477039337158203e+00 6.615001678466796875e+00
7.800000000000000000e+01 4.018939971923828125e+00 6.572475433349609375e+00
7.900000000000000000e+01 4.182115554809570312e+00 6.530701160430908203e+00
8.100000000000000000e+01 4.176840305328369141e+00 6.451527595520019531e+00
8.200000000000000000e+01 4.008592605590820312e+00 6.414868354797363281e+00
8.300000000000000000e+01 4.170485973358154297e+00 6.382570743560791016e+00
8.400000000000000000e+01 4.004453659057617188e+00 6.353076934814453125e+00
8.600000000000000000e+01 4.000672340393066406e+00 6.296927452087402344e+00
8.700000000000000000e+01 4.158653736114501953e+00 6.270248889923095703e+00
8.900000000000000000e+01 4.151882171630859375e+00 6.217983245849609375e+00
9.000000000000000000e+01 3.997611284255981445e+00 6.192243576049804688e+00
9.100000000000000000e+01 4.144691944122314453e+00 6.166959285736083984e+00
9.300000000000000000e+01 4.137652397155761719e+00 6.118420600891113281e+00
9.400000000000000000e+01 3.995191574096679688e+00 6.094956874847412109e+00
9.600000000000000000e+01 3.994027376174926758e+00 6.048658847808837891e+00
9.700000000000000000e+01 4.124435901641845703e+00 6.026014328002929688e+00
9.900000000000000000e+01 4.118314266204833984e+00 5.981685638427734375e+00
1.000000000000000000e+02 3.991781234741210938e+00 5.959740638732910156e+00
1.020000000000000000e+02 3.991086959838867188e+00 5.916625976562500000e+00
1.030000000000000000e+02 4.105868339538574219e+00 5.895464420318603516e+00
1.050000000000000000e+02 4.100192070007324219e+00 5.853852748870849609e+00
1.070000000000000000e+02 4.095191478729248047e+00 5.814628124237060547e+00
1.080000000000000000e+02 3.988590955734252930e+00 5.795664787292480469e+00
1.100000000000000000e+02 3.987672805786132812e+00 5.758317947387695312e+00
1.120000000000000000e+02 3.987011194229125977e+00 5.722092151641845703e+00
1.140000000000000000e+02 3.986252069473266602e+00 5.686806678771972656e+00
1.150000000000000000e+02 4.077885150909423828e+00 5.670963764190673828e+00
1.170000000000000000e+02 4.074160575866699219e+00 5.639899253845214844e+00
1.190000000000000000e+02 4.070449352264404297e+00 5.609452724456787109e+00
1.210000000000000000e+02 4.066791057586669922e+00 5.579988479614257812e+00
1.230000000000000000e+02 4.063349723815917969e+00 5.551393032073974609e+00
1.250000000000000000e+02 4.060165405273437500e+00 5.523648262023925781e+00
1.270000000000000000e+02 4.057241439819335938e+00 5.497246265411376953e+00
1.290000000000000000e+02 4.054221630096435547e+00 5.471496582031250000e+00
1.310000000000000000e+02 4.051652431488037109e+00 5.446376323699951172e+00
1.330000000000000000e+02 4.049035549163818359e+00 5.421901226043701172e+00
1.350000000000000000e+02 4.046483516693115234e+00 5.397909641265869141e+00
1.370000000000000000e+02 4.043976306915283203e+00 5.374321937561035156e+00
1.390000000000000000e+02 4.041517734527587891e+00 5.352735519409179688e+00
1.410000000000000000e+02 4.039347648620605469e+00 5.331518173217773438e+00
1.430000000000000000e+02 4.037142753601074219e+00 5.310721874237060547e+00
1.460000000000000000e+02 3.979545593261718750e+00 5.281673431396484375e+00
1.480000000000000000e+02 3.979084253311157227e+00 5.263362884521484375e+00
1.500000000000000000e+02 3.978569269180297852e+00 5.245397567749023438e+00
1.530000000000000000e+02 4.026915073394775391e+00 5.218943595886230469e+00
1.550000000000000000e+02 4.025094985961914062e+00 5.201880931854248047e+00
1.570000000000000000e+02 4.023199081420898438e+00 5.184962272644042969e+00
1.600000000000000000e+02 3.976177453994750977e+00 5.160617828369140625e+00
1.620000000000000000e+02 3.975673437118530273e+00 5.144701004028320312e+00
1.650000000000000000e+02 4.018053054809570312e+00 5.121268749237060547e+00
1.670000000000000000e+02 4.016948699951171875e+00 5.106019496917724609e+00
1.700000000000000000e+02 3.973706722259521484e+00 5.083467960357666016e+00
1.730000000000000000e+02 4.013471603393554688e+00 5.061608791351318359e+00
1.750000000000000000e+02 4.012422561645507812e+00 5.047348022460937500e+00
1.780000000000000000e+02 3.972202062606811523e+00 5.026570796966552734e+00
1.810000000000000000e+02 4.009286403656005859e+00 5.007293224334716797e+00
1.840000000000000000e+02 3.971361637115478516e+00 4.989001274108886719e+00
1.870000000000000000e+02 4.006276130676269531e+00 4.971148014068603516e+00
1.900000000000000000e+02 3.970561504364013672e+00 4.953607082366943359e+00
1.930000000000000000e+02 4.003529548645019531e+00 4.936629295349121094e+00
1.960000000000000000e+02 3.969659805297851562e+00 4.920014858245849609e+00
1.990000000000000000e+02 4.000814437866210938e+00 4.903761386871337891e+00
2.020000000000000000e+02 3.968617200851440430e+00 4.888020515441894531e+00
2.050000000000000000e+02 3.998216152191162109e+00 4.872521400451660156e+00
2.080000000000000000e+02 3.967614650726318359e+00 4.857502460479736328e+00
2.110000000000000000e+02 3.995793342590332031e+00 4.842768669128417969e+00
2.150000000000000000e+02 3.994228601455688477e+00 4.824444770812988281e+00
2.180000000000000000e+02 3.966090917587280273e+00 4.811363697052001953e+00
2.210000000000000000e+02 3.991976022720336914e+00 4.798633098602294922e+00
2.250000000000000000e+02 3.990485429763793945e+00 4.782224655151367188e+00
2.280000000000000000e+02 3.964613914489746094e+00 4.770183086395263672e+00
2.320000000000000000e+02 3.964006900787353516e+00 4.754692077636718750e+00
2.360000000000000000e+02 3.963403940200805664e+00 4.739559173583984375e+00
2.390000000000000000e+02 3.985524177551269531e+00 4.728618621826171875e+00
2.430000000000000000e+02 3.984181165695190430e+00 4.714344978332519531e+00
2.470000000000000000e+02 3.982891798019409180e+00 4.700225830078125000e+00
2.510000000000000000e+02 3.981651306152343750e+00 4.687352180480957031e+00
2.550000000000000000e+02 3.980492830276489258e+00 4.675601005554199219e+00
2.590000000000000000e+02 3.979297399520874023e+00 4.663977146148681641e+00
2.630000000000000000e+02 3.978128910064697266e+00 4.652595043182373047e+00
2.670000000000000000e+02 3.977011442184448242e+00 4.641479969024658203e+00
2.710000000000000000e+02 3.975963830947875977e+00 4.630520343780517578e+00
2.750000000000000000e+02 3.974909067153930664e+00 4.619711399078369141e+00
2.790000000000000000e+02 3.973896741867065430e+00 4.609531402587890625e+00
2.840000000000000000e+02 3.956345319747924805e+00 4.597324371337890625e+00
2.880000000000000000e+02 3.955779790878295898e+00 4.587838649749755859e+00
2.930000000000000000e+02 3.970550537109375000e+00 4.576161861419677734e+00
2.970000000000000000e+02 3.969660282135009766e+00 4.567106246948242188e+00
3.020000000000000000e+02 3.954259634017944336e+00 4.555980682373046875e+00
3.070000000000000000e+02 3.967507839202880859e+00 4.545051574707031250e+00
3.110000000000000000e+02 3.966680526733398438e+00 4.536549568176269531e+00
3.160000000000000000e+02 3.952980041503906250e+00 4.526157855987548828e+00
3.210000000000000000e+02 3.964679241180419922e+00 4.516007900238037109e+00
3.260000000000000000e+02 3.952095270156860352e+00 4.506194114685058594e+00
3.310000000000000000e+02 3.962971448898315430e+00 4.497009277343750000e+00
3.360000000000000000e+02 3.951192617416381836e+00 4.488034248352050781e+00
3.420000000000000000e+02 3.950708866119384766e+00 4.477571964263916016e+00
3.470000000000000000e+02 3.960644483566284180e+00 4.469670295715332031e+00
3.530000000000000000e+02 3.959797859191894531e+00 4.461208343505859375e+00
3.580000000000000000e+02 3.949362277984619141e+00 4.454477310180664062e+00
3.640000000000000000e+02 3.948902845382690430e+00 4.446580886840820312e+00
3.690000000000000000e+02 3.957645177841186523e+00 4.440151214599609375e+00
3.750000000000000000e+02 3.956890583038330078e+00 4.432661056518554688e+00
3.810000000000000000e+02 3.956135272979736328e+00 4.425343513488769531e+00
3.870000000000000000e+02 3.955409288406372070e+00 4.418190956115722656e+00
3.930000000000000000e+02 3.954683780670166016e+00 4.411215305328369141e+00
3.990000000000000000e+02 3.953995466232299805e+00 4.404905319213867188e+00
4.050000000000000000e+02 3.953323125839233398e+00 4.398932933807373047e+00
4.120000000000000000e+02 3.945420503616333008e+00 4.392115592956542969e+00
4.180000000000000000e+02 3.945112705230712891e+00 4.386419773101806641e+00
4.250000000000000000e+02 3.951214551925659180e+00 4.379908084869384766e+00
4.310000000000000000e+02 3.950608730316162109e+00 4.374485492706298828e+00
4.380000000000000000e+02 3.944088220596313477e+00 4.368324279785156250e+00
4.450000000000000000e+02 3.949286699295043945e+00 4.362332344055175781e+00
4.520000000000000000e+02 3.943417072296142578e+00 4.356490612030029297e+00
4.590000000000000000e+02 3.948029756546020508e+00 4.350847244262695312e+00
4.660000000000000000e+02 3.942742824554443359e+00 4.345741748809814453e+00
4.730000000000000000e+02 3.946991920471191406e+00 4.340689182281494141e+00
4.810000000000000000e+02 3.946463584899902344e+00 4.335001468658447266e+00
4.880000000000000000e+02 3.941766977310180664e+00 4.330200195312500000e+00
4.960000000000000000e+02 3.941436529159545898e+00 4.324872016906738281e+00
5.030000000000000000e+02 3.945057153701782227e+00 4.320326328277587891e+00
5.110000000000000000e+02 3.944570064544677734e+00 4.315328598022460938e+00
5.190000000000000000e+02 3.944086313247680664e+00 4.310513496398925781e+00
5.270000000000000000e+02 3.943638324737548828e+00 4.305844306945800781e+00
5.360000000000000000e+02 3.939892530441284180e+00 4.300759315490722656e+00
5.440000000000000000e+02 3.939621210098266602e+00 4.296365261077880859e+00
5.530000000000000000e+02 3.942266941070556641e+00 4.291527271270751953e+00
5.610000000000000000e+02 3.941871404647827148e+00 4.287344455718994141e+00
5.700000000000000000e+02 3.938762903213500977e+00 4.282876014709472656e+00
5.790000000000000000e+02 3.941037893295288086e+00 4.278512954711914062e+00
5.880000000000000000e+02 3.938226222991943359e+00 4.274308204650878906e+00
5.970000000000000000e+02 3.940276384353637695e+00 4.270236968994140625e+00
6.060000000000000000e+02 3.937730789184570312e+00 4.266287326812744141e+00
6.160000000000000000e+02 3.937473535537719727e+00 4.262035369873046875e+00
6.250000000000000000e+02 3.939211845397949219e+00 4.258360862731933594e+00
6.350000000000000000e+02 3.938864707946777344e+00 4.254518032073974609e+00
6.450000000000000000e+02 3.938534021377563477e+00 4.250907421112060547e+00
6.550000000000000000e+02 3.938220739364624023e+00 4.247462749481201172e+00
6.650000000000000000e+02 3.937909603118896484e+00 4.244116783142089844e+00
6.760000000000000000e+02 3.936131477355957031e+00 4.240558147430419922e+00
6.860000000000000000e+02 3.935953378677368164e+00 4.237428665161132812e+00
6.970000000000000000e+02 3.937026739120483398e+00 4.234061717987060547e+00
7.080000000000000000e+02 3.935560703277587891e+00 4.230824470520019531e+00
7.190000000000000000e+02 3.936494827270507812e+00 4.227711200714111328e+00
7.300000000000000000e+02 3.935193538665771484e+00 4.224886417388916016e+00
7.420000000000000000e+02 3.935011625289916992e+00 4.221881866455078125e+00
7.530000000000000000e+02 3.935759782791137695e+00 4.219181537628173828e+00
7.650000000000000000e+02 3.935533761978149414e+00 4.216314315795898438e+00
7.770000000000000000e+02 3.935313463211059570e+00 4.213541507720947266e+00
7.890000000000000000e+02 3.935107231140136719e+00 4.210771560668945312e+00
8.010000000000000000e+02 3.934912681579589844e+00 4.208106517791748047e+00
8.140000000000000000e+02 3.934065341949462891e+00 4.205284118652343750e+00
8.270000000000000000e+02 3.934530735015869141e+00 4.202545166015625000e+00
8.390000000000000000e+02 3.934366703033447266e+00 4.200130462646484375e+00
8.530000000000000000e+02 3.934190750122070312e+00 4.197344779968261719e+00
8.660000000000000000e+02 3.933543205261230469e+00 4.194864749908447266e+00
8.790000000000000000e+02 3.933887958526611328e+00 4.192490100860595703e+00
8.930000000000000000e+02 3.933739900588989258e+00 4.189951419830322266e+00
9.070000000000000000e+02 3.933600187301635742e+00 4.187497615814208984e+00
9.210000000000000000e+02 3.933471679687500000e+00 4.185091018676757812e+00
9.360000000000000000e+02 3.933002948760986328e+00 4.182628631591796875e+00
9.500000000000000000e+02 3.932914733886718750e+00 4.180392265319824219e+00
9.650000000000000000e+02 3.933111667633056641e+00 4.178058147430419922e+00
9.800000000000000000e+02 3.932740449905395508e+00 4.175782680511474609e+00
9.950000000000000000e+02 3.932904958724975586e+00 4.173588752746582031e+00
1.011000000000000000e+03 3.932806015014648438e+00 4.171337127685546875e+00
1.027000000000000000e+03 3.932714462280273438e+00 4.169140338897705078e+00
1.043000000000000000e+03 3.932628870010375977e+00 4.167029380798339844e+00
1.059000000000000000e+03 3.932547807693481445e+00 4.164999008178710938e+00
1.075000000000000000e+03 3.932473421096801758e+00 4.163041591644287109e+00
1.092000000000000000e+03 3.932257413864135742e+00 4.161017894744873047e+00
1.109000000000000000e+03 3.932334899902343750e+00 4.159032821655273438e+00
1.127000000000000000e+03 3.932267427444458008e+00 4.157050609588623047e+00
1.144000000000000000e+03 3.932100534439086914e+00 4.155252456665039062e+00
1.162000000000000000e+03 3.932052612304687500e+00 4.153409957885742188e+00
1.180000000000000000e+03 3.932010173797607422e+00 4.151632785797119141e+00
1.199000000000000000e+03 3.932052612304687500e+00 4.149822235107421875e+00
1.217000000000000000e+03 3.932008028030395508e+00 4.148126602172851562e+00
1.236000000000000000e+03 3.931896686553955078e+00 4.146418094635009766e+00
1.256000000000000000e+03 3.931861639022827148e+00 4.144655227661132812e+00
1.275000000000000000e+03 3.931888341903686523e+00 4.143045425415039062e+00
1.295000000000000000e+03 3.931854963302612305e+00 4.141391754150390625e+00
1.315000000000000000e+03 3.931821823120117188e+00 4.139853000640869141e+00
1.336000000000000000e+03 3.931750297546386719e+00 4.138505935668945312e+00
1.357000000000000000e+03 3.931764125823974609e+00 4.137198448181152344e+00
1.378000000000000000e+03 3.931705713272094727e+00 4.135962963104248047e+00
1.399000000000000000e+03 3.931716918945312500e+00 4.134793281555175781e+00
1.421000000000000000e+03 3.931695461273193359e+00 4.133630275726318359e+00
1.443000000000000000e+03 3.931676387786865234e+00 4.132481098175048828e+00
1.466000000000000000e+03 3.931635141372680664e+00 4.131293773651123047e+00
1.489000000000000000e+03 3.931640863418579102e+00 4.130183219909667969e+00
1.512000000000000000e+03 3.931607246398925781e+00 4.129097938537597656e+00
1.536000000000000000e+03 3.931595087051391602e+00 4.128018379211425781e+00
1.560000000000000000e+03 3.931583642959594727e+00 4.127009391784667969e+00
1.584000000000000000e+03 3.931574821472167969e+00 4.126037120819091797e+00
1.609000000000000000e+03 3.931576490402221680e+00 4.125055789947509766e+00
1.634000000000000000e+03 3.931555747985839844e+00 4.124108791351318359e+00
1.659000000000000000e+03 3.931559085845947266e+00 4.123192310333251953e+00
1.685000000000000000e+03 3.931550979614257812e+00 4.122285366058349609e+00
1.711000000000000000e+03 3.931544303894042969e+00 4.121395111083984375e+00
1.738000000000000000e+03 3.931531906127929688e+00 4.120501518249511719e+00
1.765000000000000000e+03 3.931531429290771484e+00 4.119627952575683594e+00
1.793000000000000000e+03 3.931527376174926758e+00 4.118766307830810547e+00
1.821000000000000000e+03 3.931522607803344727e+00 4.117933273315429688e+00
1.849000000000000000e+03 3.931518316268920898e+00 4.117114543914794922e+00
1.878000000000000000e+03 3.931509494781494141e+00 4.116293430328369141e+00
1.907000000000000000e+03 3.931510686874389648e+00 4.115477085113525391e+00
1.937000000000000000e+03 3.931509733200073242e+00 4.114665031433105469e+00
1.967000000000000000e+03 3.931505680084228516e+00 4.113885402679443359e+00
1.998000000000000000e+03 3.931500196456909180e+00 4.113111495971679688e+00
2.029000000000000000e+03 3.931499719619750977e+00 4.112365245819091797e+00
2.061000000000000000e+03 3.931498527526855469e+00 4.111627578735351562e+00
2.093000000000000000e+03 3.931496620178222656e+00 4.110912322998046875e+00
2.126000000000000000e+03 3.931493759155273438e+00 4.110214233398437500e+00
2.159000000000000000e+03 3.931494235992431641e+00 4.109532833099365234e+00
2.192000000000000000e+03 3.931492090225219727e+00 4.108875274658203125e+00
2.227000000000000000e+03 3.931492328643798828e+00 4.108204841613769531e+00
2.261000000000000000e+03 3.931492328643798828e+00 4.107569694519042969e+00
2.297000000000000000e+03 3.931491136550903320e+00 4.106916427612304688e+00
2.333000000000000000e+03 3.931490898132324219e+00 4.106288433074951172e+00
2.369000000000000000e+03 3.931489944458007812e+00 4.105676174163818359e+00
2.406000000000000000e+03 3.931489944458007812e+00 4.105072498321533203e+00
2.443000000000000000e+03 3.931490421295166016e+00 4.104492664337158203e+00
2.482000000000000000e+03 3.931489229202270508e+00 4.103905200958251953e+00
2.520000000000000000e+03 3.931489944458007812e+00 4.103367805480957031e+00
2.560000000000000000e+03 3.931487321853637695e+00 4.102824211120605469e+00
2.600000000000000000e+03 3.931486606597900391e+00 4.102304458618164062e+00
2.640000000000000000e+03 3.931485891342163086e+00 4.101809501647949219e+00
2.681000000000000000e+03 3.931490182876586914e+00 4.101319789886474609e+00
2.723000000000000000e+03 3.931491136550903320e+00 4.100860118865966797e+00
2.766000000000000000e+03 3.931485891342163086e+00 4.100421905517578125e+00
2.809000000000000000e+03 3.931490421295166016e+00 4.100006103515625000e+00
2.853000000000000000e+03 3.931489944458007812e+00 4.099596023559570312e+00
2.897000000000000000e+03 3.931489467620849609e+00 4.099205493927001953e+00
2.942000000000000000e+03 3.931484699249267578e+00 4.098836898803710938e+00
2.988000000000000000e+03 3.931485652923583984e+00 4.098483085632324219e+00
3.035000000000000000e+03 3.931489944458007812e+00 4.098140716552734375e+00
3.082000000000000000e+03 3.931485652923583984e+00 4.097814559936523438e+00
3.130000000000000000e+03 3.931485652923583984e+00 4.097500801086425781e+00
3.179000000000000000e+03 3.931489229202270508e+00 4.097182273864746094e+00
3.229000000000000000e+03 3.931488752365112305e+00 4.096866130828857422e+00
3.279000000000000000e+03 3.931488752365112305e+00 4.096567630767822266e+00
3.330000000000000000e+03 3.931485652923583984e+00 4.096280097961425781e+00
3.382000000000000000e+03 3.931485652923583984e+00 4.095999240875244141e+00
3.435000000000000000e+03 3.931488037109375000e+00 4.095723152160644531e+00
3.489000000000000000e+03 3.931488037109375000e+00 4.095456123352050781e+00
3.543000000000000000e+03 3.931488752365112305e+00 4.095204353332519531e+00
3.598000000000000000e+03 3.931486129760742188e+00 4.094958305358886719e+00
3.654000000000000000e+03 3.931485652923583984e+00 4.094723224639892578e+00
3.711000000000000000e+03 3.931488037109375000e+00 4.094495773315429688e+00
3.769000000000000000e+03 3.931488752365112305e+00 4.094276905059814453e+00
3.828000000000000000e+03 3.931485652923583984e+00 4.094068527221679688e+00
3.888000000000000000e+03 3.931485652923583984e+00 4.093871593475341797e+00
3.948000000000000000e+03 3.931485176086425781e+00 4.093681812286376953e+00
4.010000000000000000e+03 3.931485652923583984e+00 4.093500614166259766e+00
4.073000000000000000e+03 3.931488037109375000e+00 4.093326568603515625e+00
4.136000000000000000e+03 3.931485176086425781e+00 4.093164920806884766e+00
4.201000000000000000e+03 3.931488037109375000e+00 4.093008518218994141e+00
4.266000000000000000e+03 3.931484937667846680e+00 4.092860221862792969e+00
4.333000000000000000e+03 3.931488037109375000e+00 4.092718601226806641e+00
4.400000000000000000e+03 3.931485652923583984e+00 4.092587471008300781e+00
4.469000000000000000e+03 3.931488037109375000e+00 4.092460632324218750e+00
4.539000000000000000e+03 3.931488037109375000e+00 4.092341423034667969e+00
4.610000000000000000e+03 3.931484937667846680e+00 4.092228889465332031e+00
4.682000000000000000e+03 3.931484937667846680e+00 4.092123031616210938e+00
4.755000000000000000e+03 3.931488752365112305e+00 4.092022418975830078e+00
4.829000000000000000e+03 3.931488275527954102e+00 4.091928005218505859e+00
4.904000000000000000e+03 3.931485652923583984e+00 4.091837882995605469e+00
4.981000000000000000e+03 3.931487798690795898e+00 4.091754436492919922e+00
5.058000000000000000e+03 3.931485652923583984e+00 4.091676712036132812e+00
5.137000000000000000e+03 3.931487798690795898e+00 4.091604709625244141e+00
5.217000000000000000e+03 3.931487083435058594e+00 4.091536998748779297e+00
5.299000000000000000e+03 3.931487798690795898e+00 4.091470241546630859e+00
5.381000000000000000e+03 3.931487083435058594e+00 4.091411113739013672e+00
5.465000000000000000e+03 3.931487798690795898e+00 4.091355800628662109e+00
5.551000000000000000e+03 3.931487083435058594e+00 4.091302394866943359e+00
5.637000000000000000e+03 3.931487798690795898e+00 4.091255187988281250e+00
5.725000000000000000e+03 3.931487321853637695e+00 4.091210365295410156e+00
5.814000000000000000e+03 3.931485891342163086e+00 4.091166973114013672e+00
5.905000000000000000e+03 3.931487321853637695e+00 4.091129779815673828e+00
5.997000000000000000e+03 3.931487083435058594e+00 4.091093063354492188e+00
6.091000000000000000e+03 3.931487083435058594e+00 4.091059684753417969e+00
6.186000000000000000e+03 3.931485652923583984e+00 4.091028213500976562e+00
6.282000000000000000e+03 3.931485652923583984e+00 4.091001987457275391e+00
6.380000000000000000e+03 3.931484937667846680e+00 4.090976715087890625e+00
6.480000000000000000e+03 3.931484937667846680e+00 4.090953350067138672e+00
6.581000000000000000e+03 3.931487083435058594e+00 4.090932369232177734e+00
6.684000000000000000e+03 3.931485652923583984e+00 4.090909957885742188e+00
6.788000000000000000e+03 3.931485652923583984e+00 4.090893745422363281e+00
6.894000000000000000e+03 3.931485652923583984e+00 4.090876579284667969e+00
7.001000000000000000e+03 3.931487798690795898e+00 4.090862274169921875e+00
7.111000000000000000e+03 3.931487798690795898e+00 4.090846061706542969e+00
7.222000000000000000e+03 3.931485652923583984e+00 4.090834140777587891e+00
7.334000000000000000e+03 3.931485652923583984e+00 4.090822219848632812e+00
7.449000000000000000e+03 3.931487083435058594e+00 4.090811729431152344e+00
7.565000000000000000e+03 3.931487798690795898e+00 4.090804100036621094e+00
7.683000000000000000e+03 3.931487798690795898e+00 4.090798377990722656e+00
7.803000000000000000e+03 3.931487798690795898e+00 4.090791702270507812e+00
7.924000000000000000e+03 3.931486129760742188e+00 4.090786457061767578e+00
8.048000000000000000e+03 3.931485652923583984e+00 4.090783596038818359e+00
8.174000000000000000e+03 3.931485652923583984e+00 4.090780735015869141e+00
8.301000000000000000e+03 3.931487798690795898e+00 4.090778827667236328e+00
8.431000000000000000e+03 3.931487798690795898e+00 4.090777397155761719e+00
8.562000000000000000e+03 3.931485891342163086e+00 4.090776443481445312e+00
8.696000000000000000e+03 3.931485652923583984e+00 4.090775966644287109e+00
8.831000000000000000e+03 3.931488275527954102e+00 4.090776443481445312e+00
8.969000000000000000e+03 3.931487798690795898e+00 4.090777397155761719e+00
9.109000000000000000e+03 3.931488275527954102e+00 4.090776443481445312e+00
9.251000000000000000e+03 3.931488275527954102e+00 4.090775966644287109e+00
9.395000000000000000e+03 3.931487798690795898e+00 4.090776920318603516e+00
9.542000000000000000e+03 3.931485652923583984e+00 4.090776443481445312e+00
9.691000000000000000e+03 3.931486606597900391e+00 4.090777397155761719e+00
9.842000000000000000e+03 3.931486606597900391e+00 4.090775966644287109e+00
9.996000000000000000e+03 3.931486606597900391e+00 4.090777397155761719e+00
1.015200000000000000e+04 3.931487083435058594e+00 4.090776920318603516e+00
1.031000000000000000e+04 3.931485891342163086e+00 4.090775966644287109e+00
1.047100000000000000e+04 3.931486606597900391e+00 4.090775012969970703e+00
1.063400000000000000e+04 3.931486606597900391e+00 4.090775012969970703e+00
1.080000000000000000e+04 3.931486606597900391e+00 4.090774059295654297e+00
1.096800000000000000e+04 3.931486606597900391e+00 4.090775012969970703e+00
1.114000000000000000e+04 3.931486606597900391e+00 4.090775012969970703e+00
1.131300000000000000e+04 3.931486606597900391e+00 4.090774059295654297e+00
1.149000000000000000e+04 3.931486606597900391e+00 4.090775012969970703e+00
1.166900000000000000e+04 3.931486606597900391e+00 4.090774059295654297e+00
1.185100000000000000e+04 3.931486606597900391e+00 4.090773582458496094e+00
1.203600000000000000e+04 3.931486606597900391e+00 4.090774059295654297e+00
1.222400000000000000e+04 3.931486606597900391e+00 4.090774536132812500e+00
1.241400000000000000e+04 3.931486606597900391e+00 4.090774059295654297e+00
1.260800000000000000e+04 3.931486606597900391e+00 4.090773582458496094e+00
1.280500000000000000e+04 3.931486606597900391e+00 4.090773105621337891e+00
1.300500000000000000e+04 3.931486606597900391e+00 4.090773105621337891e+00
1.320700000000000000e+04 3.931486606597900391e+00 4.090773105621337891e+00
1.341300000000000000e+04 3.931486606597900391e+00 4.090774059295654297e+00
1.362300000000000000e+04 3.931485891342163086e+00 4.090774059295654297e+00
1.383500000000000000e+04 3.931486606597900391e+00 4.090773105621337891e+00
1.405100000000000000e+04 3.931486606597900391e+00 4.090773105621337891e+00
1.427000000000000000e+04 3.931485891342163086e+00 4.090773105621337891e+00
1.449300000000000000e+04 3.931485891342163086e+00 4.090772628784179688e+00
1.471900000000000000e+04 3.931485891342163086e+00 4.090773105621337891e+00
1.494900000000000000e+04 3.931486606597900391e+00 4.090773105621337891e+00
1.518200000000000000e+04 3.931486606597900391e+00 4.090772628784179688e+00
1.541900000000000000e+04 3.931486845016479492e+00 4.090773105621337891e+00
1.565900000000000000e+04 3.931486845016479492e+00 4.090772628784179688e+00
1.590300000000000000e+04 3.931487798690795898e+00 4.090773105621337891e+00
1.615100000000000000e+04 3.931487083435058594e+00 4.090773105621337891e+00
1.640300000000000000e+04 3.931486129760742188e+00 4.090773105621337891e+00
1.665900000000000000e+04 3.931487083435058594e+00 4.090773105621337891e+00
1.691900000000000000e+04 3.931487083435058594e+00 4.090772628784179688e+00
1.718300000000000000e+04 3.931487798690795898e+00 4.090773105621337891e+00
1.745100000000000000e+04 3.931486606597900391e+00 4.090773105621337891e+00
1.772300000000000000e+04 3.931486845016479492e+00 4.090773105621337891e+00
1.800000000000000000e+04 3.931486606597900391e+00 4.090771675109863281e+00
1.828100000000000000e+04 3.931486606597900391e+00 4.090772628784179688e+00
1.856600000000000000e+04 3.931486845016479492e+00 4.090773105621337891e+00
1.885600000000000000e+04 3.931486606597900391e+00 4.090773105621337891e+00
1.915000000000000000e+04 3.931486606597900391e+00 4.090773105621337891e+00
1.944800000000000000e+04 3.931486606597900391e+00 4.090772628784179688e+00
1.975200000000000000e+04 3.931486845016479492e+00 4.090773105621337891e+00
2.006000000000000000e+04 3.931486606597900391e+00 4.090773105621337891e+00
2.037300000000000000e+04 3.931486606597900391e+00 4.090773105621337891e+00
2.069100000000000000e+04 3.931487083435058594e+00 4.090772628784179688e+00
2.101300000000000000e+04 3.931486845016479492e+00 4.090772628784179688e+00
2.134100000000000000e+04 3.931486606597900391e+00 4.090773105621337891e+00
2.167400000000000000e+04 3.931485891342163086e+00 4.090773105621337891e+00
2.201200000000000000e+04 3.931486606597900391e+00 4.090772628784179688e+00
2.235600000000000000e+04 3.931486606597900391e+00 4.090772628784179688e+00
2.270400000000000000e+04 3.931486606597900391e+00 4.090772628784179688e+00
2.305900000000000000e+04 3.931486606597900391e+00 4.090772628784179688e+00
2.341800000000000000e+04 3.931486606597900391e+00 4.090772628784179688e+00
2.378400000000000000e+04 3.931486129760742188e+00 4.090772628784179688e+00
2.415500000000000000e+04 3.931486606597900391e+00 4.090772628784179688e+00
2.453100000000000000e+04 3.931486606597900391e+00 4.090772628784179688e+00
2.491400000000000000e+04 3.931486129760742188e+00 4.090771675109863281e+00
2.530300000000000000e+04 3.931485891342163086e+00 4.090772628784179688e+00
2.569700000000000000e+04 3.931486606597900391e+00 4.090772151947021484e+00
2.609800000000000000e+04 3.931486606597900391e+00 4.090772151947021484e+00
2.650500000000000000e+04 3.931486129760742188e+00 4.090772628784179688e+00
2.691900000000000000e+04 3.931486129760742188e+00 4.090773105621337891e+00
2.733900000000000000e+04 3.931486606597900391e+00 4.090772628784179688e+00
2.776500000000000000e+04 3.931486845016479492e+00 4.090773105621337891e+00
2.819800000000000000e+04 3.931486606597900391e+00 4.090773105621337891e+00
2.863800000000000000e+04 3.931485891342163086e+00 4.090773105621337891e+00
2.908500000000000000e+04 3.931486606597900391e+00 4.090772628784179688e+00
2.953900000000000000e+04 3.931486606597900391e+00 4.090772628784179688e+00
3.000000000000000000e+04 3.931485652923583984e+00 4.090772628784179688e+00
3.046800000000000000e+04 3.931485891342163086e+00 4.090772628784179688e+00
3.094300000000000000e+04 3.931486606597900391e+00 4.090772628784179688e+00
3.142600000000000000e+04 3.931486845016479492e+00 4.090771675109863281e+00
3.191600000000000000e+04 3.931485891342163086e+00 4.090772151947021484e+00
3.241400000000000000e+04 3.931487083435058594e+00 4.090772151947021484e+00
3.291900000000000000e+04 3.931486606597900391e+00 4.090772628784179688e+00
3.343300000000000000e+04 3.931485891342163086e+00 4.090772628784179688e+00
3.395400000000000000e+04 3.931486606597900391e+00 4.090773105621337891e+00
3.448400000000000000e+04 3.931487083435058594e+00 4.090773105621337891e+00
3.502200000000000000e+04 3.931486606597900391e+00 4.090773105621337891e+00
3.556800000000000000e+04 3.931486845016479492e+00 4.090773105621337891e+00
3.612300000000000000e+04 3.931487083435058594e+00 4.090773105621337891e+00
3.668700000000000000e+04 3.931486606597900391e+00 4.090773105621337891e+00
3.725900000000000000e+04 3.931486129760742188e+00 4.090773582458496094e+00
3.784000000000000000e+04 3.931486129760742188e+00 4.090774059295654297e+00
3.843000000000000000e+04 3.931486606597900391e+00 4.090773105621337891e+00
3.903000000000000000e+04 3.931486129760742188e+00 4.090773582458496094e+00
3.963900000000000000e+04 3.931486129760742188e+00 4.090773105621337891e+00
4.025700000000000000e+04 3.931486129760742188e+00 4.090773582458496094e+00
4.088500000000000000e+04 3.931486845016479492e+00 4.090773105621337891e+00
4.152300000000000000e+04 3.931486845016479492e+00 4.090773105621337891e+00
4.217100000000000000e+04 3.931487321853637695e+00 4.090774059295654297e+00
4.282800000000000000e+04 3.931487321853637695e+00 4.090773582458496094e+00
4.349700000000000000e+04 3.931485891342163086e+00 4.090773105621337891e+00
4.417500000000000000e+04 3.931486845016479492e+00 4.090774059295654297e+00
4.486400000000000000e+04 3.931486845016479492e+00 4.090773105621337891e+00
4.556400000000000000e+04 3.931486129760742188e+00 4.090774059295654297e+00
4.627500000000000000e+04 3.931487321853637695e+00 4.090774059295654297e+00
4.699700000000000000e+04 3.931486845016479492e+00 4.090774059295654297e+00
4.773000000000000000e+04 3.931486845016479492e+00 4.090774059295654297e+00
4.847400000000000000e+04 3.931486845016479492e+00 4.090774059295654297e+00
4.923100000000000000e+04 3.931487083435058594e+00 4.090774059295654297e+00
4.999900000000000000e+04 3.931487083435058594e+00 4.090774059295654297e+00
