epoch train test
0.000 41.884 51.880
1.000 50.142 60.850
2.000 56.292 68.810
3.000 58.586 71.440
4.000 60.026 72.220
5.000 61.286 74.330
6.000 62.410 74.630
7.000 62.434 76.010
8.000 63.982 77.190
9.000 65.054 78.000
10.000 65.194 78.280
11.000 65.660 79.240
12.000 65.546 78.980
13.000 65.852 79.500
14.000 66.936 80.740
15.000 66.748 80.060
16.000 67.666 80.930
17.000 67.434 80.350
18.000 67.478 80.010
19.000 68.968 81.790
20.000 68.928 82.020
21.000 68.398 81.550
22.000 69.310 82.550
23.000 68.726 81.630
24.000 68.744 81.250
25.000 68.682 81.160
26.000 68.388 80.050
27.000 69.232 81.960
28.000 70.458 82.990
29.000 69.864 82.380
30.000 69.258 81.530
31.000 70.734 83.720
32.000 70.216 83.470
33.000 70.090 82.560
34.000 70.688 82.920
35.000 71.256 83.510
36.000 71.300 83.330
37.000 71.542 83.390
38.000 70.840 82.420
39.000 71.776 83.530
40.000 70.722 82.120
41.000 71.848 83.890
42.000 70.596 81.480
43.000 71.722 83.380
44.000 72.444 84.380
45.000 71.884 83.130
46.000 71.820 83.270
47.000 71.262 81.770
48.000 72.710 83.570
49.000 71.676 82.120
50.000 72.058 81.800
51.000 72.920 84.100
52.000 73.002 84.180
53.000 72.870 83.770
54.000 73.422 84.420
55.000 73.064 83.300
56.000 73.172 83.500
57.000 73.774 83.720
58.000 72.882 82.820
59.000 73.764 84.550
60.000 73.864 84.160
61.000 74.222 84.530
62.000 73.468 83.500
63.000 74.068 83.940
64.000 74.472 84.440
65.000 74.222 84.100
66.000 74.082 84.030
67.000 73.688 83.410
68.000 74.270 83.820
69.000 74.906 84.760
70.000 74.456 83.860
71.000 73.684 83.000
72.000 75.182 84.250
73.000 74.988 84.310
74.000 74.508 83.300
75.000 73.454 82.370
76.000 74.788 83.700
77.000 74.554 83.250
78.000 74.942 83.190
79.000 75.834 84.210
80.000 76.004 84.480
81.000 74.730 82.180
82.000 74.808 83.020
83.000 75.892 84.330
84.000 75.532 83.190
85.000 75.836 83.830
86.000 75.640 83.590
87.000 75.586 82.660
88.000 75.880 83.300
89.000 75.744 83.380
90.000 75.724 83.160
91.000 75.498 82.060
92.000 76.004 83.420
93.000 76.546 84.060
94.000 76.756 84.210
95.000 76.180 82.630
96.000 75.592 81.700
97.000 76.044 82.340
98.000 76.280 82.940
99.000 76.724 83.310
100.000 76.658 83.010
101.000 76.858 82.710
102.000 76.418 82.120
103.000 76.846 83.650
104.000 77.026 83.120
105.000 76.862 82.760
106.000 77.462 83.650
107.000 76.944 82.260
108.000 77.536 83.530
109.000 77.548 82.450
110.000 75.846 80.120
111.000 77.330 82.480
112.000 77.300 81.530
113.000 77.052 82.400
114.000 78.142 83.980
115.000 77.706 81.980
116.000 77.566 82.570
117.000 77.584 82.110
118.000 77.848 82.260
119.000 78.328 82.600
120.000 78.254 82.500
121.000 78.058 82.550
122.000 78.630 83.480
123.000 78.600 81.960
124.000 78.266 81.510
125.000 78.402 82.710
126.000 79.332 83.330
127.000 78.964 81.590
128.000 78.614 82.240
129.000 78.450 81.880
130.000 78.488 81.760
131.000 79.070 81.800
132.000 77.288 79.780
133.000 78.820 82.220
134.000 79.574 83.010
135.000 79.602 82.880
136.000 77.824 79.630
137.000 79.754 82.210
138.000 78.768 80.230
139.000 79.934 82.050
140.000 78.720 79.830
141.000 78.660 79.760
142.000 80.192 82.670
143.000 80.226 82.880
144.000 79.740 81.880
145.000 80.024 81.470
146.000 80.442 82.440
147.000 80.116 81.190
148.000 79.532 81.760
149.000 79.916 80.740
150.000 80.438 82.240
151.000 80.782 81.740
152.000 79.698 78.620
153.000 79.650 78.490
154.000 80.286 81.170
155.000 80.322 80.720
156.000 80.596 81.090
157.000 80.796 80.540
158.000 80.316 80.140
159.000 80.990 81.430
160.000 80.892 80.950
161.000 81.054 80.330
162.000 81.340 80.850
163.000 81.454 81.830
164.000 81.394 80.880
165.000 81.338 82.160
166.000 79.976 79.170
167.000 81.802 80.720
168.000 81.854 80.790
169.000 81.980 80.760
170.000 80.652 79.870
171.000 81.652 79.790
172.000 80.616 78.220
173.000 81.988 81.640
174.000 81.830 80.510
175.000 82.774 80.600
176.000 82.852 81.700
177.000 82.376 81.310
178.000 82.406 80.470
179.000 81.612 79.580
180.000 82.134 79.480
181.000 82.852 81.390
182.000 83.272 80.470
183.000 82.836 79.870
184.000 83.184 79.910
185.000 83.136 79.140
186.000 82.724 79.380
187.000 83.114 80.210
188.000 83.676 79.910
189.000 83.454 80.240
190.000 82.944 78.760
191.000 82.706 78.610
192.000 83.398 80.180
193.000 83.294 80.420
194.000 83.200 79.070
195.000 84.228 80.020
196.000 83.750 79.220
197.000 83.890 80.320
198.000 83.546 77.570
199.000 84.172 80.180
200.000 84.714 80.140
201.000 83.992 79.540
202.000 85.012 80.520
203.000 84.132 79.810
204.000 82.950 78.260
205.000 83.890 77.650
206.000 84.830 80.100
207.000 84.132 79.880
208.000 84.482 78.800
209.000 85.096 80.000
210.000 84.172 77.850
211.000 84.900 79.650
212.000 84.362 77.560
213.000 84.754 79.470
214.000 85.614 79.560
215.000 84.832 78.460
216.000 85.366 79.270
217.000 85.916 80.210
218.000 85.790 79.460
219.000 84.576 77.860
220.000 84.848 77.620
221.000 83.434 76.460
222.000 85.010 78.450
223.000 85.310 77.920
224.000 86.634 79.090
225.000 86.438 79.090
226.000 85.910 78.300
227.000 87.202 79.780
228.000 86.222 78.020
229.000 86.148 77.750
230.000 86.092 78.920
231.000 86.298 78.980
232.000 86.576 79.150
233.000 85.944 79.770
234.000 86.688 78.540
235.000 86.282 78.170
236.000 87.014 79.600
237.000 87.454 79.150
238.000 87.188 78.680
239.000 87.304 78.760
240.000 86.952 78.630
241.000 87.254 78.220
242.000 87.136 78.820
243.000 87.060 79.120
244.000 87.046 77.410
245.000 86.688 77.290
246.000 87.278 77.140
247.000 87.828 78.190
248.000 87.638 78.110
249.000 87.748 78.350
250.000 87.552 78.370
251.000 87.958 78.660
252.000 88.506 78.090
253.000 87.908 78.360
254.000 88.200 78.320
255.000 88.496 78.410
256.000 88.040 78.080
257.000 89.118 79.520
258.000 88.048 79.240
259.000 88.552 77.610
260.000 88.188 78.010
261.000 87.346 76.410
262.000 88.710 78.830
263.000 89.064 77.880
264.000 89.088 78.170
265.000 89.148 78.680
266.000 89.582 78.220
267.000 88.738 77.660
268.000 88.290 77.830
269.000 89.516 78.550
270.000 89.408 77.870
271.000 89.042 77.600
272.000 88.926 77.730
273.000 89.092 77.280
274.000 90.064 78.260
275.000 89.156 77.260
276.000 88.832 77.050
277.000 89.952 77.090
278.000 89.868 77.500
279.000 89.796 78.120
280.000 90.624 78.660
281.000 89.356 76.930
282.000 90.378 78.570
283.000 88.624 76.570
284.000 90.052 78.040
285.000 90.294 78.650
286.000 89.892 78.470
287.000 90.312 78.250
288.000 90.522 77.600
289.000 90.536 77.260
290.000 90.300 77.970
291.000 89.528 77.840
292.000 90.636 78.350
293.000 90.562 76.420
294.000 90.540 77.760
295.000 90.212 77.720
296.000 90.580 77.240
297.000 90.024 76.540
298.000 89.720 76.360
299.000 90.890 78.060
300.000 91.196 77.830
301.000 90.412 77.200
302.000 91.716 77.440
303.000 90.764 77.310
304.000 91.098 77.230
305.000 91.592 77.680
306.000 91.038 77.320
307.000 90.704 76.850
308.000 91.218 76.210
309.000 91.250 76.650
310.000 90.524 76.260
311.000 90.830 74.770
312.000 91.386 77.070
313.000 90.994 75.940
314.000 91.558 76.940
315.000 91.602 77.120
316.000 91.948 76.950
317.000 92.054 77.330
318.000 92.510 76.960
319.000 92.232 77.280
320.000 91.904 77.660
321.000 91.598 76.440
322.000 92.820 78.070
323.000 91.864 75.970
324.000 91.630 76.340
325.000 92.870 77.530
326.000 91.708 76.050
327.000 92.642 77.350
328.000 92.148 77.030
329.000 92.494 77.530
330.000 91.796 77.000
331.000 91.890 76.410
332.000 92.778 76.530
333.000 92.946 77.280
334.000 92.900 76.900
335.000 92.872 77.660
336.000 92.660 76.240
337.000 92.840 76.450
338.000 92.992 76.490
339.000 93.056 76.620
340.000 92.448 76.140
341.000 93.156 77.460
342.000 92.458 76.600
343.000 93.170 76.870
344.000 93.616 76.850
345.000 93.040 76.690
346.000 92.498 76.020
347.000 92.592 77.070
348.000 93.644 77.570
349.000 92.964 77.290
350.000 93.476 77.030
351.000 93.274 76.440
352.000 93.644 77.090
353.000 92.566 74.940
354.000 93.526 76.810
355.000 93.358 76.640
356.000 93.448 76.020
357.000 93.566 77.300
358.000 93.494 76.910
359.000 93.478 76.550
360.000 94.290 77.290
361.000 94.220 77.650
362.000 93.460 76.140
363.000 93.052 76.700
364.000 94.080 77.500
365.000 94.372 76.800
366.000 93.470 75.750
367.000 94.540 77.180
368.000 94.266 77.020
369.000 94.296 76.580
370.000 94.224 76.750
371.000 94.174 76.380
372.000 94.000 76.390
373.000 94.494 77.060
374.000 94.474 76.580
375.000 94.678 77.230
376.000 94.902 77.600
377.000 94.420 76.050
378.000 94.468 76.710
379.000 94.474 77.070
380.000 93.372 74.410
381.000 94.870 77.210
382.000 94.780 77.120
383.000 94.678 75.900
384.000 95.216 77.090
385.000 94.650 76.880
386.000 94.170 76.070
387.000 94.832 76.960
388.000 95.354 77.140
389.000 94.702 76.560
390.000 94.804 75.910
391.000 95.048 75.610
392.000 95.206 76.730
393.000 95.096 76.140
394.000 95.238 76.500
395.000 94.502 76.580
396.000 94.856 76.540
397.000 94.308 75.900
398.000 95.028 76.710
399.000 95.094 75.350
400.000 95.152 75.890
401.000 95.272 75.570
402.000 95.258 76.670
403.000 95.168 77.250
404.000 95.588 76.490
405.000 95.364 76.650
406.000 95.564 76.320
407.000 95.648 76.380
408.000 95.436 76.060
409.000 95.016 76.020
410.000 95.300 76.050
411.000 95.184 76.310
412.000 95.834 76.430
413.000 95.500 77.120
414.000 95.296 75.910
415.000 95.708 76.230
416.000 95.180 75.310
417.000 95.240 74.620
418.000 95.604 76.230
419.000 95.736 76.450
420.000 95.442 76.000
421.000 96.244 76.240
422.000 95.920 76.000
423.000 95.816 76.190
424.000 96.010 76.130
425.000 95.944 76.390
426.000 95.622 75.910
427.000 95.882 75.490
428.000 95.664 76.400
429.000 94.764 75.490
430.000 95.028 75.310
431.000 95.916 76.580
432.000 95.976 76.780
433.000 96.224 75.190
434.000 95.668 75.840
435.000 96.534 76.180
436.000 96.386 76.130
437.000 96.586 76.020
438.000 96.264 75.810
439.000 96.436 76.610
440.000 95.962 76.160
441.000 96.060 76.470
442.000 96.316 75.810
443.000 95.786 76.140
444.000 96.472 76.560
445.000 95.910 76.350
446.000 96.302 76.320
447.000 96.614 76.000
448.000 95.924 75.750
449.000 96.418 75.730
450.000 96.456 76.190
451.000 96.350 76.000
452.000 96.404 76.870
453.000 96.418 76.050
454.000 96.840 75.570
455.000 95.908 75.540
456.000 96.594 75.510
457.000 96.366 75.600
458.000 96.194 75.520
459.000 96.854 76.030
460.000 96.276 74.850
461.000 96.790 76.590
462.000 96.748 75.800
463.000 96.676 76.050
464.000 96.826 75.140
465.000 96.686 76.750
466.000 96.788 76.140
467.000 96.948 76.200
468.000 96.580 75.620
469.000 97.042 76.370
470.000 96.810 76.220
471.000 97.088 76.600
472.000 97.118 75.920
473.000 97.070 75.820
474.000 96.938 75.650
475.000 97.116 75.910
476.000 96.778 76.080
477.000 97.128 75.880
478.000 97.258 76.340
479.000 96.598 73.840
480.000 97.118 76.520
481.000 96.888 76.360
482.000 97.204 75.350
483.000 97.306 75.980
484.000 96.976 76.210
485.000 96.796 75.700
486.000 96.976 75.700
487.000 97.288 75.780
488.000 97.146 75.550
489.000 97.156 75.870
490.000 96.860 75.700
491.000 97.194 76.350
492.000 97.268 76.010
493.000 97.074 75.550
494.000 97.440 76.250
495.000 96.980 75.200
496.000 97.454 75.920
497.000 97.190 75.790
498.000 97.468 75.620
499.000 97.632 76.690
500.000 97.194 76.220
501.000 97.158 76.470
502.000 97.326 76.300
503.000 97.584 76.090
504.000 97.332 76.190
505.000 97.846 76.710
506.000 97.268 76.270
507.000 97.664 76.530
508.000 97.442 76.650
509.000 97.428 75.790
510.000 97.562 76.420
511.000 97.856 76.620
512.000 97.388 75.650
513.000 97.414 76.200
514.000 97.198 75.890
515.000 97.360 75.840
516.000 97.216 75.640
517.000 97.140 75.590
518.000 97.744 75.690
519.000 97.848 75.860
520.000 97.708 76.200
521.000 97.636 75.570
522.000 97.858 75.790
523.000 97.768 75.920
524.000 97.738 75.240
525.000 97.470 75.260
526.000 97.858 76.150
527.000 97.856 76.380
528.000 98.154 76.150
529.000 97.814 76.400
530.000 97.686 76.350
531.000 97.712 76.200
532.000 98.114 76.500
533.000 98.184 75.940
534.000 97.940 76.460
535.000 98.196 76.070
536.000 97.958 75.810
537.000 97.892 75.770
538.000 97.678 75.420
539.000 98.064 75.960
540.000 97.618 75.780
541.000 98.218 76.180
542.000 97.896 76.190
543.000 98.012 76.100
544.000 97.764 75.760
545.000 98.038 75.710
546.000 98.336 75.890
547.000 98.054 75.360
548.000 98.280 76.200
549.000 98.172 75.760
550.000 98.242 75.740
551.000 97.780 75.690
552.000 98.118 76.450
553.000 98.258 76.380
554.000 98.348 76.330
555.000 97.926 75.650
556.000 98.418 75.600
557.000 98.078 76.170
558.000 98.212 75.950
559.000 98.082 75.990
560.000 97.876 75.790
561.000 98.480 76.030
562.000 98.140 76.060
563.000 97.978 75.480
564.000 98.434 75.980
565.000 98.288 75.500
566.000 98.192 76.510
567.000 98.408 75.510
568.000 97.894 75.410
569.000 98.442 75.640
570.000 98.062 75.540
571.000 98.428 76.340
572.000 98.266 75.940
573.000 98.234 75.710
574.000 98.264 75.280
575.000 97.622 74.090
576.000 98.428 76.540
577.000 98.594 75.550
578.000 98.442 75.870
579.000 98.482 76.620
580.000 98.394 76.360
581.000 98.386 74.950
582.000 98.602 76.060
583.000 98.280 75.770
584.000 98.412 76.200
585.000 98.416 75.990
586.000 98.574 76.230
587.000 98.448 76.160
588.000 98.314 75.980
589.000 98.320 75.590
590.000 98.170 75.550
591.000 98.532 75.800
592.000 98.384 75.660
593.000 98.562 75.600
594.000 98.620 75.930
595.000 98.700 76.320
596.000 98.580 76.120
597.000 98.302 75.870
598.000 98.578 75.280
599.000 98.332 75.250
600.000 98.662 76.070
601.000 98.708 76.240
602.000 98.772 75.830
603.000 98.478 76.060
604.000 98.478 75.370
605.000 98.380 75.730
606.000 98.612 75.730
607.000 98.426 75.700
608.000 98.756 76.220
609.000 98.518 75.000
610.000 98.610 75.530
611.000 98.680 76.050
612.000 98.650 75.380
613.000 98.792 76.240
614.000 98.468 75.870
615.000 98.602 75.780
616.000 98.396 75.670
617.000 98.736 75.630
618.000 98.716 75.640
619.000 98.722 76.030
620.000 98.696 75.450
621.000 98.566 76.370
622.000 98.326 75.920
623.000 98.850 76.540
624.000 98.464 74.740
625.000 98.746 75.980
626.000 98.748 75.830
627.000 98.768 75.420
628.000 98.506 75.870
629.000 98.904 75.930
630.000 98.860 75.630
631.000 98.816 75.790
632.000 98.562 74.900
633.000 98.742 75.980
634.000 98.744 76.120
635.000 98.712 75.620
636.000 98.680 75.550
637.000 98.770 75.880
638.000 98.766 75.560
639.000 98.956 76.270
640.000 98.686 75.270
641.000 98.706 76.090
642.000 98.556 75.170
643.000 98.852 75.570
644.000 98.860 76.000
645.000 98.806 75.210
646.000 98.754 75.610
647.000 99.040 75.470
648.000 98.680 76.110
649.000 99.008 76.060
650.000 98.844 75.680
651.000 98.494 75.100
652.000 98.900 76.030
653.000 98.974 75.720
654.000 98.890 75.810
655.000 98.972 76.000
656.000 99.026 75.550
657.000 98.976 76.120
658.000 99.056 75.550
659.000 99.084 75.860
660.000 99.178 76.220
661.000 98.964 75.750
662.000 99.098 76.020
663.000 98.920 75.690
664.000 99.058 76.030
665.000 99.022 75.800
666.000 98.572 74.670
667.000 99.050 75.950
668.000 98.962 75.510
669.000 99.244 75.740
670.000 99.086 75.780
671.000 99.144 76.100
672.000 99.158 75.760
673.000 98.878 75.640
674.000 99.144 75.280
675.000 99.064 75.790
676.000 99.028 75.760
677.000 99.132 76.010
678.000 99.072 75.800
679.000 99.146 76.000
680.000 99.130 75.800
681.000 98.784 75.110
682.000 99.098 75.120
683.000 99.218 76.020
684.000 98.914 75.590
685.000 98.930 75.630
686.000 99.206 75.620
687.000 99.108 75.500
688.000 99.160 75.870
689.000 99.046 75.600
690.000 98.970 74.800
691.000 99.050 75.940
692.000 99.036 75.090
693.000 98.978 74.980
694.000 99.180 75.780
695.000 99.160 75.790
696.000 99.216 75.730
697.000 99.134 75.940
698.000 99.228 75.610
699.000 99.278 75.540
700.000 99.324 75.790
701.000 99.156 75.850
702.000 99.216 74.920
703.000 99.140 75.670
704.000 99.164 75.630
705.000 99.126 75.080
706.000 99.088 76.010
707.000 99.240 76.110
708.000 99.152 75.700
709.000 99.166 75.640
710.000 99.146 75.380
711.000 99.200 76.110
712.000 99.288 75.520
713.000 99.194 75.510
714.000 99.272 75.500
715.000 99.208 75.270
716.000 99.118 75.480
717.000 99.212 75.890
718.000 99.262 75.370
719.000 99.184 75.160
720.000 99.172 75.460
721.000 99.288 75.440
722.000 99.308 75.660
723.000 98.916 74.930
724.000 99.354 75.800
725.000 99.216 75.680
726.000 99.258 75.620
727.000 99.136 75.490
728.000 99.248 75.780
729.000 99.286 75.690
730.000 99.360 76.050
731.000 99.248 75.370
732.000 99.408 75.280
733.000 99.282 75.480
734.000 99.308 75.830
735.000 99.154 75.440
736.000 99.284 75.780
737.000 98.998 75.680
738.000 99.292 75.890
739.000 99.358 75.380
740.000 98.864 74.720
741.000 99.310 75.770
742.000 99.376 75.670
743.000 99.340 75.900
744.000 99.352 75.630
745.000 99.306 75.650
746.000 99.302 75.540
747.000 99.336 75.640
748.000 99.382 75.010
749.000 99.356 75.650
750.000 99.394 75.460
751.000 99.348 75.750
752.000 99.390 75.760
753.000 99.346 75.560
754.000 99.406 75.840
755.000 99.320 75.880
756.000 99.416 75.720
757.000 99.426 75.210
758.000 99.464 75.640
759.000 99.496 75.700
760.000 99.436 76.110
761.000 99.372 75.610
762.000 99.432 75.570
763.000 99.450 75.730
764.000 99.398 75.550
765.000 99.434 75.700
766.000 99.308 75.390
767.000 99.344 75.970
768.000 99.472 76.010
769.000 99.422 76.030
770.000 99.514 76.060
771.000 99.382 75.590
772.000 99.406 76.120
773.000 99.478 76.040
774.000 99.500 75.990
775.000 99.544 75.670
776.000 99.418 75.220
777.000 99.436 76.160
778.000 99.500 75.600
779.000 99.438 75.740
780.000 99.372 75.890
781.000 99.468 75.770
782.000 99.406 75.790
783.000 99.442 75.900
784.000 99.474 75.470
785.000 99.316 75.760
786.000 99.454 76.020
787.000 99.504 75.400
788.000 99.490 75.310
789.000 99.498 75.760
790.000 99.536 75.580
791.000 99.442 75.260
792.000 99.542 75.550
793.000 99.530 75.630
794.000 99.440 75.790
795.000 99.490 75.580
796.000 99.408 75.500
797.000 99.594 75.500
798.000 99.520 75.500
799.000 99.414 75.810
800.000 99.460 75.600
801.000 99.504 75.480
802.000 99.540 75.470
803.000 99.502 75.630
804.000 99.570 75.680
805.000 99.510 75.660
806.000 99.498 75.710
807.000 99.426 75.870
808.000 99.512 75.350
809.000 99.528 75.890
810.000 99.528 75.750
811.000 99.482 75.510
812.000 99.506 75.660
813.000 99.496 75.660
814.000 99.386 75.510
815.000 99.522 75.610
816.000 99.538 75.950
817.000 99.528 75.590
818.000 99.524 75.920
819.000 99.562 76.110
820.000 99.544 75.610
821.000 99.432 75.610
822.000 99.542 75.720
823.000 99.450 75.860
824.000 99.440 75.910
825.000 99.498 75.520
826.000 99.634 75.810
827.000 99.564 75.630
828.000 99.548 75.310
829.000 99.612 75.550
830.000 99.544 76.020
831.000 99.502 75.210
832.000 99.648 75.790
833.000 99.594 75.840
834.000 99.548 75.400
835.000 99.586 75.510
836.000 99.630 75.800
837.000 99.526 75.660
838.000 99.382 75.420
839.000 99.536 76.110
840.000 99.572 76.010
841.000 99.588 75.910
842.000 99.628 75.940
843.000 99.552 75.700
844.000 99.576 75.860
845.000 99.626 75.690
846.000 99.602 76.180
847.000 99.634 76.020
848.000 99.530 75.530
849.000 99.598 76.110
850.000 99.624 75.950
851.000 99.632 75.870
852.000 99.568 75.570
853.000 99.504 75.610
854.000 99.572 76.440
855.000 99.614 75.340
856.000 99.632 76.030
857.000 99.606 75.730
858.000 99.590 76.250
859.000 99.624 75.460
860.000 99.628 75.560
861.000 99.632 75.750
862.000 99.536 75.860
863.000 99.674 75.770
864.000 99.616 75.750
865.000 99.640 76.240
866.000 99.672 75.540
867.000 99.656 75.330
868.000 99.482 75.860
869.000 99.596 75.860
870.000 99.592 75.740
871.000 99.670 75.890
872.000 99.652 75.650
873.000 99.670 75.690
874.000 99.650 75.750
875.000 99.630 76.140
876.000 99.612 75.830
877.000 99.684 75.810
878.000 99.606 75.940
879.000 99.616 75.760
880.000 99.566 75.720
881.000 99.668 76.150
882.000 99.620 75.640
883.000 99.712 75.750
884.000 99.674 75.410
885.000 99.580 75.410
886.000 99.698 75.820
887.000 99.626 76.040
888.000 99.658 75.780
889.000 99.622 75.850
890.000 99.668 75.510
891.000 99.622 75.490
892.000 99.688 75.880
893.000 99.654 75.800
894.000 99.682 75.760
895.000 99.686 75.840
896.000 99.542 75.320
897.000 99.666 75.580
898.000 99.668 76.120
899.000 99.658 75.680
900.000 99.668 75.660
901.000 99.626 75.680
902.000 99.610 76.020
903.000 99.646 75.860
904.000 99.638 75.540
905.000 99.700 75.380
906.000 99.714 75.730
907.000 99.732 75.920
908.000 99.714 75.500
909.000 99.684 76.180
910.000 99.700 76.190
911.000 99.738 75.820
912.000 99.746 75.400
913.000 99.678 75.660
914.000 99.730 75.810
915.000 99.766 75.570
916.000 99.678 76.000
917.000 99.760 75.780
918.000 99.700 75.690
919.000 99.734 76.180
920.000 99.714 75.940
921.000 99.712 75.870
922.000 99.726 75.410
923.000 99.704 75.900
924.000 99.688 75.860
925.000 99.726 75.610
926.000 99.734 76.000
927.000 99.644 75.490
928.000 99.742 75.280
929.000 99.632 75.720
930.000 99.682 76.190
931.000 99.700 75.470
932.000 99.720 76.000
933.000 99.658 75.450
934.000 99.722 76.010
935.000 99.770 75.850
936.000 99.688 75.890
937.000 99.734 76.130
938.000 99.722 75.770
939.000 99.752 75.420
940.000 99.732 76.190
941.000 99.748 75.970
942.000 99.750 75.520
943.000 99.716 75.710
944.000 99.708 75.180
945.000 99.736 75.810
946.000 99.740 75.790
947.000 99.702 75.800
948.000 99.762 75.680
949.000 99.764 75.650
950.000 99.786 76.010
951.000 99.762 75.840
952.000 99.708 76.060
953.000 99.804 75.940
954.000 99.770 75.620
955.000 99.742 76.080
956.000 99.778 75.770
957.000 99.644 75.350
958.000 99.748 76.390
959.000 99.702 75.810
960.000 99.786 75.730
961.000 99.792 75.960
962.000 99.770 75.970
963.000 99.738 75.880
964.000 99.784 76.090
965.000 99.748 75.790
966.000 99.768 75.940
967.000 99.744 76.020
968.000 99.704 75.760
969.000 99.784 75.800
970.000 99.752 75.700
971.000 99.760 75.650
972.000 99.744 76.030
973.000 99.776 76.070
974.000 99.750 76.270
975.000 99.766 75.900
976.000 99.792 76.080
977.000 99.788 75.970
978.000 99.792 75.840
979.000 99.810 76.050
980.000 99.726 76.020
981.000 99.802 76.050
982.000 99.788 76.330
983.000 99.734 75.600
984.000 99.748 75.790
985.000 99.760 75.620
986.000 99.810 75.740
987.000 99.798 75.890
988.000 99.752 75.670
989.000 99.796 75.100
990.000 99.774 75.580
991.000 99.806 75.690
992.000 99.742 75.590
993.000 99.810 75.580
994.000 99.752 75.920
995.000 99.804 75.720
996.000 99.832 75.580
997.000 99.694 75.170
998.000 99.826 76.260
999.000 99.784 75.810
1000.000 99.822 76.000
1001.000 99.806 75.540
1002.000 99.790 75.960
1003.000 99.770 75.950
1004.000 99.762 76.150
1005.000 99.812 75.730
1006.000 99.762 75.660
1007.000 99.754 75.230
1008.000 99.776 75.900
1009.000 99.866 75.820
1010.000 99.802 76.060
1011.000 99.824 75.990
1012.000 99.768 76.110
1013.000 99.786 75.900
1014.000 99.846 75.990
1015.000 99.816 75.950
1016.000 99.826 76.350
1017.000 99.836 75.980
1018.000 99.846 76.230
1019.000 99.778 75.740
1020.000 99.830 75.930
1021.000 99.786 76.030
1022.000 99.842 75.820
1023.000 99.800 75.910
1024.000 99.798 75.470
1025.000 99.842 75.640
1026.000 99.820 75.970
1027.000 99.830 75.690
1028.000 99.762 76.180
1029.000 99.816 75.830
1030.000 99.824 75.830
1031.000 99.792 76.220
1032.000 99.796 76.000
1033.000 99.842 75.750
1034.000 99.830 75.910
1035.000 99.758 75.680
1036.000 99.862 75.950
1037.000 99.840 75.970
1038.000 99.732 74.900
1039.000 99.840 75.960
1040.000 99.874 75.830
1041.000 99.816 75.820
1042.000 99.822 76.320
1043.000 99.794 76.080
1044.000 99.862 75.920
1045.000 99.854 76.160
1046.000 99.784 75.670
1047.000 99.858 75.960
1048.000 99.840 75.900
1049.000 99.836 75.660
1050.000 99.808 75.750
1051.000 99.856 75.780
1052.000 99.800 75.830
1053.000 99.828 75.750
1054.000 99.840 75.640
1055.000 99.820 76.110
1056.000 99.850 75.390
1057.000 99.822 75.940
1058.000 99.852 75.700
1059.000 99.820 75.720
1060.000 99.870 75.720
1061.000 99.800 75.280
1062.000 99.874 76.040
1063.000 99.784 75.520
1064.000 99.838 75.780
1065.000 99.828 75.860
1066.000 99.838 76.000
1067.000 99.882 75.950
1068.000 99.888 75.660
1069.000 99.848 75.770
1070.000 99.850 76.060
1071.000 99.830 75.700
1072.000 99.842 75.570
1073.000 99.850 75.680
1074.000 99.810 75.740
1075.000 99.808 75.730
1076.000 99.852 75.960
1077.000 99.874 75.830
1078.000 99.836 75.620
1079.000 99.820 76.040
1080.000 99.848 75.690
1081.000 99.888 75.880
1082.000 99.844 76.080
1083.000 99.860 75.730
1084.000 99.788 76.050
1085.000 99.902 75.840
1086.000 99.860 76.170
1087.000 99.832 75.970
1088.000 99.852 75.900
1089.000 99.854 75.960
1090.000 99.816 75.920
1091.000 99.840 75.860
1092.000 99.826 76.110
1093.000 99.864 75.780
1094.000 99.868 75.560
1095.000 99.878 75.550
1096.000 99.890 75.850
1097.000 99.834 75.370
1098.000 99.868 75.430
1099.000 99.868 75.660
1100.000 99.860 75.660
1101.000 99.854 75.440
1102.000 99.882 75.360
1103.000 99.884 75.820
1104.000 99.914 75.500
1105.000 99.856 75.730
1106.000 99.854 75.640
1107.000 99.876 75.650
1108.000 99.898 75.540
1109.000 99.856 75.800
1110.000 99.856 75.480
1111.000 99.850 75.720
1112.000 99.904 75.920
1113.000 99.852 76.290
1114.000 99.862 75.720
1115.000 99.866 75.810
1116.000 99.854 75.790
1117.000 99.866 75.830
1118.000 99.840 75.610
1119.000 99.870 75.700
1120.000 99.862 75.270
1121.000 99.890 75.700
1122.000 99.848 75.850
1123.000 99.866 75.800
1124.000 99.848 75.930
1125.000 99.874 75.680
1126.000 99.866 75.970
1127.000 99.908 75.920
1128.000 99.900 75.780
1129.000 99.892 75.570
1130.000 99.874 75.690
1131.000 99.868 75.890
1132.000 99.874 75.670
1133.000 99.866 75.620
1134.000 99.882 75.600
1135.000 99.896 75.620
1136.000 99.894 75.770
1137.000 99.864 75.700
1138.000 99.830 75.530
1139.000 99.860 75.820
1140.000 99.874 76.050
1141.000 99.890 75.500
1142.000 99.880 75.810
1143.000 99.860 76.150
1144.000 99.880 75.960
1145.000 99.888 75.540
1146.000 99.872 75.930
1147.000 99.894 75.950
1148.000 99.874 76.030
1149.000 99.906 75.390
1150.000 99.870 75.500
1151.000 99.884 76.240
1152.000 99.910 75.660
1153.000 99.838 75.610
1154.000 99.894 75.520
1155.000 99.920 75.900
1156.000 99.936 75.580
1157.000 99.926 75.830
1158.000 99.876 75.770
1159.000 99.870 75.840
1160.000 99.890 75.770
1161.000 99.896 75.730
1162.000 99.866 75.450
1163.000 99.890 75.890
1164.000 99.892 75.590
1165.000 99.904 75.890
1166.000 99.888 76.160
1167.000 99.896 76.180
1168.000 99.872 75.770
1169.000 99.916 75.570
1170.000 99.842 75.870
1171.000 99.902 75.950
1172.000 99.900 75.990
1173.000 99.886 75.870
1174.000 99.892 76.020
1175.000 99.914 75.870
1176.000 99.912 76.080
1177.000 99.880 75.790
1178.000 99.884 75.710
1179.000 99.912 75.750
1180.000 99.920 75.490
1181.000 99.924 75.620
1182.000 99.886 75.870
1183.000 99.884 75.770
1184.000 99.924 75.720
1185.000 99.874 75.470
1186.000 99.892 75.810
1187.000 99.906 76.000
1188.000 99.910 76.000
1189.000 99.892 75.700
1190.000 99.892 75.860
1191.000 99.908 75.960
1192.000 99.912 76.000
1193.000 99.876 75.710
1194.000 99.896 75.640
1195.000 99.898 75.610
1196.000 99.920 75.960
1197.000 99.874 75.840
1198.000 99.904 76.290
1199.000 99.926 75.660
1200.000 99.914 76.160
1201.000 99.882 75.910
1202.000 99.920 75.680
1203.000 99.864 75.720
1204.000 99.914 75.670
1205.000 99.916 75.740
1206.000 99.892 75.920
1207.000 99.910 75.580
1208.000 99.900 75.790
1209.000 99.884 76.040
1210.000 99.882 75.560
1211.000 99.942 75.910
1212.000 99.908 76.070
1213.000 99.886 75.900
1214.000 99.940 75.720
1215.000 99.910 76.140
1216.000 99.912 75.750
1217.000 99.900 75.600
1218.000 99.914 76.200
1219.000 99.940 75.880
1220.000 99.936 75.930
1221.000 99.918 75.790
1222.000 99.906 75.780
1223.000 99.942 75.630
1224.000 99.904 75.650
1225.000 99.924 75.900
1226.000 99.902 75.990
1227.000 99.926 75.750
1228.000 99.922 75.910
1229.000 99.922 75.510
1230.000 99.924 75.930
1231.000 99.900 75.760
1232.000 99.924 76.050
1233.000 99.916 75.980
1234.000 99.950 75.970
1235.000 99.914 75.850
1236.000 99.926 75.530
1237.000 99.912 75.500
1238.000 99.920 75.420
1239.000 99.914 75.490
1240.000 99.928 75.830
1241.000 99.908 75.540
1242.000 99.932 75.510
1243.000 99.930 76.010
1244.000 99.920 76.010
1245.000 99.904 76.000
1246.000 99.944 75.890
1247.000 99.914 75.510
1248.000 99.916 75.750
1249.000 99.932 75.660
1250.000 99.918 76.020
1251.000 99.930 76.220
1252.000 99.918 75.800
1253.000 99.896 76.010
1254.000 99.898 75.610
1255.000 99.922 75.820
1256.000 99.914 75.930
1257.000 99.948 75.820
1258.000 99.898 75.640
1259.000 99.924 75.990
1260.000 99.906 75.670
1261.000 99.926 75.730
1262.000 99.920 75.860
1263.000 99.926 76.100
1264.000 99.932 75.780
1265.000 99.928 75.980
1266.000 99.944 75.690
1267.000 99.880 75.630
1268.000 99.936 75.570
1269.000 99.914 75.860
1270.000 99.936 75.460
1271.000 99.918 75.470
1272.000 99.950 75.520
1273.000 99.944 75.470
1274.000 99.906 75.530
1275.000 99.900 75.780
1276.000 99.918 75.650
1277.000 99.896 75.610
1278.000 99.932 75.850
1279.000 99.934 75.680
1280.000 99.954 75.770
1281.000 99.928 75.950
1282.000 99.932 75.550
1283.000 99.922 75.970
1284.000 99.902 75.680
1285.000 99.948 75.710
1286.000 99.948 75.590
1287.000 99.934 75.700
1288.000 99.936 75.750
1289.000 99.938 75.720
1290.000 99.948 75.760
1291.000 99.898 75.430
1292.000 99.950 75.910
1293.000 99.934 76.050
1294.000 99.944 76.030
1295.000 99.922 75.980
1296.000 99.942 75.350
1297.000 99.948 75.840
1298.000 99.936 75.580
1299.000 99.944 75.560
1300.000 99.942 75.650
1301.000 99.928 75.930
1302.000 99.932 75.840
1303.000 99.902 75.080
1304.000 99.928 75.800
1305.000 99.956 75.830
1306.000 99.946 75.780
1307.000 99.932 75.550
1308.000 99.944 75.490
1309.000 99.964 75.650
1310.000 99.948 75.710
1311.000 99.922 75.790
1312.000 99.944 75.940
1313.000 99.908 75.680
1314.000 99.976 75.920
1315.000 99.942 75.590
1316.000 99.914 75.860
1317.000 99.910 75.520
1318.000 99.960 75.850
1319.000 99.942 75.740
1320.000 99.932 75.900
1321.000 99.922 75.930
1322.000 99.922 75.500
1323.000 99.934 75.690
1324.000 99.962 75.500
1325.000 99.942 76.050
1326.000 99.928 75.450
1327.000 99.972 75.790
1328.000 99.924 75.950
1329.000 99.924 75.920
1330.000 99.936 76.030
1331.000 99.952 76.140
1332.000 99.924 75.950
1333.000 99.946 75.560
1334.000 99.946 75.830
1335.000 99.928 75.840
1336.000 99.942 75.620
1337.000 99.958 75.890
1338.000 99.940 75.610
1339.000 99.950 75.760
1340.000 99.962 75.640
1341.000 99.954 75.690
1342.000 99.932 75.920
1343.000 99.954 75.430
1344.000 99.950 75.970
1345.000 99.966 75.900
1346.000 99.934 75.950
1347.000 99.948 75.870
1348.000 99.926 75.650
1349.000 99.964 75.760
1350.000 99.954 75.890
1351.000 99.958 75.670
1352.000 99.950 75.860
1353.000 99.926 76.150
1354.000 99.958 75.740
1355.000 99.942 75.590
1356.000 99.950 75.750
1357.000 99.952 75.880
1358.000 99.956 75.640
1359.000 99.930 75.930
1360.000 99.952 75.790
1361.000 99.924 75.040
1362.000 99.958 75.520
1363.000 99.934 75.760
1364.000 99.936 75.700
1365.000 99.942 75.650
1366.000 99.938 75.820
1367.000 99.960 75.510
1368.000 99.974 75.520
1369.000 99.928 75.710
1370.000 99.944 75.940
1371.000 99.938 75.770
1372.000 99.954 75.420
1373.000 99.946 75.470
1374.000 99.932 75.940
1375.000 99.940 75.560
1376.000 99.934 75.930
1377.000 99.954 75.660
1378.000 99.960 75.760
1379.000 99.946 75.880
1380.000 99.932 75.990
1381.000 99.958 75.770
1382.000 99.948 75.690
1383.000 99.956 75.790
1384.000 99.926 75.510
1385.000 99.946 75.530
1386.000 99.970 75.510
1387.000 99.954 75.830
1388.000 99.970 75.750
1389.000 99.958 75.850
1390.000 99.936 75.710
1391.000 99.956 75.850
1392.000 99.952 75.800
1393.000 99.952 75.480
1394.000 99.968 75.600
1395.000 99.942 75.720
1396.000 99.962 75.740
1397.000 99.952 75.850
1398.000 99.974 75.650
1399.000 99.964 75.670
1400.000 99.952 75.750
1401.000 99.958 75.930
1402.000 99.962 75.630
1403.000 99.952 75.540
1404.000 99.958 75.970
1405.000 99.958 75.520
1406.000 99.952 75.830
1407.000 99.956 75.930
1408.000 99.964 75.800
1409.000 99.956 75.840
1410.000 99.932 75.940
1411.000 99.952 75.730
1412.000 99.954 75.830
1413.000 99.968 75.730
1414.000 99.958 75.780
1415.000 99.968 75.740
1416.000 99.928 75.760
1417.000 99.958 75.550
1418.000 99.954 75.810
1419.000 99.964 75.920
1420.000 99.964 75.940
1421.000 99.956 75.930
1422.000 99.972 75.590
1423.000 99.962 75.890
1424.000 99.962 75.590
1425.000 99.966 75.870
1426.000 99.950 75.960
1427.000 99.958 75.730
1428.000 99.936 75.980
1429.000 99.952 75.730
1430.000 99.968 75.780
1431.000 99.968 75.380
1432.000 99.960 75.810
1433.000 99.950 75.980
1434.000 99.952 75.700
1435.000 99.948 76.010
1436.000 99.958 75.800
1437.000 99.956 75.750
1438.000 99.954 75.670
1439.000 99.952 75.680
1440.000 99.944 75.780
1441.000 99.978 76.030
1442.000 99.968 75.850
1443.000 99.958 75.690
1444.000 99.950 75.890
1445.000 99.952 75.850
1446.000 99.964 75.390
1447.000 99.962 75.540
1448.000 99.960 75.800
1449.000 99.960 75.800
1450.000 99.946 75.880
1451.000 99.970 75.480
1452.000 99.962 75.770
1453.000 99.972 75.690
1454.000 99.938 75.830
1455.000 99.976 76.070
1456.000 99.956 75.710
1457.000 99.966 75.560
1458.000 99.948 75.860
1459.000 99.958 75.660
1460.000 99.960 75.610
1461.000 99.966 75.770
1462.000 99.966 75.960
1463.000 99.968 75.910
1464.000 99.964 75.770
1465.000 99.978 75.700
1466.000 99.978 75.730
1467.000 99.930 75.670
1468.000 99.958 75.890
1469.000 99.964 75.690
1470.000 99.958 75.440
1471.000 99.952 75.630
1472.000 99.954 75.720
1473.000 99.974 76.220
1474.000 99.952 75.480
1475.000 99.976 75.890
1476.000 99.976 75.740
1477.000 99.966 75.760
1478.000 99.966 75.980
1479.000 99.958 75.320
1480.000 99.980 75.560
1481.000 99.968 75.620
1482.000 99.968 75.840
1483.000 99.952 75.640
1484.000 99.966 76.090
1485.000 99.980 75.700
1486.000 99.970 75.220
1487.000 99.970 75.820
1488.000 99.958 75.910
1489.000 99.970 75.870
1490.000 99.978 75.700
1491.000 99.964 75.770
1492.000 99.976 75.660
1493.000 99.964 75.600
1494.000 99.964 75.770
1495.000 99.968 75.780
1496.000 99.952 75.600
1497.000 99.950 75.690
1498.000 99.966 76.050
1499.000 99.976 76.090
1500.000 99.972 75.980
1501.000 99.954 75.950
1502.000 99.962 75.870
1503.000 99.970 76.070
1504.000 99.966 75.890
1505.000 99.968 76.070
1506.000 99.976 75.820
1507.000 99.972 75.570
1508.000 99.978 75.660
1509.000 99.974 75.720
1510.000 99.970 75.890
1511.000 99.978 75.830
1512.000 99.958 75.510
1513.000 99.962 75.840
1514.000 99.976 75.640
1515.000 99.966 75.780
1516.000 99.960 75.680
1517.000 99.982 75.780
1518.000 99.966 75.940
1519.000 99.964 75.960
1520.000 99.972 75.890
1521.000 99.950 75.570
1522.000 99.964 75.920
1523.000 99.972 75.520
1524.000 99.984 75.640
1525.000 99.962 75.820
1526.000 99.956 75.580
1527.000 99.974 75.760
1528.000 99.974 75.680
1529.000 99.974 75.810
1530.000 99.980 75.690
1531.000 99.978 76.020
1532.000 99.980 75.990
1533.000 99.972 75.750
1534.000 99.984 75.970
1535.000 99.954 75.920
1536.000 99.968 75.640
1537.000 99.978 75.650
1538.000 99.960 75.940
1539.000 99.952 75.780
1540.000 99.972 76.140
1541.000 99.968 75.620
1542.000 99.980 75.730
1543.000 99.972 75.960
1544.000 99.968 75.950
1545.000 99.968 75.690
1546.000 99.976 75.820
1547.000 99.976 75.630
1548.000 99.962 75.930
1549.000 99.988 75.730
1550.000 99.972 76.030
1551.000 99.972 75.980
1552.000 99.960 75.800
1553.000 99.992 76.090
1554.000 99.980 75.600
1555.000 99.964 75.780
1556.000 99.982 75.670
1557.000 99.990 76.000
1558.000 99.978 75.480
1559.000 99.968 76.000
1560.000 99.966 75.910
1561.000 99.974 75.970
1562.000 99.972 76.230
1563.000 99.974 75.970
1564.000 99.978 75.890
1565.000 99.970 76.000
1566.000 99.980 75.790
1567.000 99.948 75.900
1568.000 99.984 75.970
1569.000 99.980 75.880
1570.000 99.974 76.130
1571.000 99.966 76.060
1572.000 99.978 75.640
1573.000 99.976 75.820
1574.000 99.970 75.850
1575.000 99.976 76.340
1576.000 99.982 75.820
1577.000 99.972 75.650
1578.000 99.978 75.580
1579.000 99.988 75.790
1580.000 99.974 75.980
1581.000 99.978 75.660
1582.000 99.974 75.990
1583.000 99.982 75.670
1584.000 99.968 76.110
1585.000 99.974 75.850
1586.000 99.972 75.850
1587.000 99.974 75.630
1588.000 99.976 75.720
1589.000 99.976 75.800
1590.000 99.966 75.900
1591.000 99.976 76.080
1592.000 99.950 75.830
1593.000 99.970 75.490
1594.000 99.976 75.910
1595.000 99.978 75.780
1596.000 99.974 75.720
1597.000 99.976 75.890
1598.000 99.982 75.530
1599.000 99.984 75.610
1600.000 99.978 75.990
1601.000 99.980 75.870
1602.000 99.978 76.040
1603.000 99.982 75.940
1604.000 99.992 75.970
1605.000 99.972 75.800
1606.000 99.980 75.530
1607.000 99.960 75.830
1608.000 99.974 75.760
1609.000 99.978 75.630
1610.000 99.964 75.730
1611.000 99.988 75.880
1612.000 99.982 76.010
1613.000 99.988 75.660
1614.000 99.976 75.780
1615.000 99.970 75.830
1616.000 99.976 75.850
1617.000 99.984 75.660
1618.000 99.970 76.020
1619.000 99.990 75.860
1620.000 99.978 75.700
1621.000 99.972 75.620
1622.000 99.978 76.020
1623.000 99.968 75.820
1624.000 99.978 75.880
1625.000 99.970 75.720
1626.000 99.984 75.880
1627.000 99.976 75.920
1628.000 99.982 75.580
1629.000 99.980 75.640
1630.000 99.970 75.860
1631.000 99.978 75.950
1632.000 99.980 75.890
1633.000 99.980 75.550
1634.000 99.982 75.960
1635.000 99.966 75.850
1636.000 99.976 76.040
1637.000 99.972 75.990
1638.000 99.970 75.650
1639.000 99.982 75.680
1640.000 99.990 75.810
1641.000 99.976 75.870
1642.000 99.972 75.840
1643.000 99.976 75.550
1644.000 99.984 75.860
1645.000 99.978 75.700
1646.000 99.972 76.140
1647.000 99.980 75.770
1648.000 99.974 75.690
1649.000 99.980 76.060
1650.000 99.986 75.480
1651.000 99.984 75.790
1652.000 99.968 75.770
1653.000 99.964 75.730
1654.000 99.980 75.640
1655.000 99.968 75.830
1656.000 99.990 75.690
1657.000 99.968 76.040
1658.000 99.980 75.480
1659.000 99.984 75.810
1660.000 99.986 75.840
1661.000 99.976 75.540
1662.000 99.982 75.980
1663.000 99.986 75.650
1664.000 99.978 75.750
1665.000 99.978 75.860
1666.000 99.982 75.760
1667.000 99.986 75.530
1668.000 99.986 75.440
1669.000 99.972 75.610
1670.000 99.972 75.990
1671.000 99.990 75.720
1672.000 99.984 75.560
1673.000 99.978 75.920
1674.000 99.982 75.690
1675.000 99.988 75.890
1676.000 99.984 75.970
1677.000 99.980 75.750
1678.000 99.982 76.050
1679.000 99.984 75.570
1680.000 99.990 75.470
1681.000 99.982 75.610
1682.000 99.976 75.540
1683.000 99.976 75.560
1684.000 99.992 75.830
1685.000 99.964 75.880
1686.000 99.976 75.850
1687.000 99.966 75.900
1688.000 99.982 75.770
1689.000 99.978 75.730
1690.000 99.984 75.720
1691.000 99.980 75.810
1692.000 99.986 75.960
1693.000 99.986 75.780
1694.000 99.972 76.170
1695.000 99.986 75.840
1696.000 99.990 75.540
1697.000 99.988 75.600
1698.000 99.972 75.660
1699.000 99.992 75.750
1700.000 99.988 75.610
1701.000 99.978 75.580
1702.000 99.980 75.720
1703.000 99.990 75.830
1704.000 99.984 75.390
1705.000 99.984 75.860
1706.000 99.968 75.670
1707.000 99.990 75.480
1708.000 99.982 76.060
1709.000 99.986 75.760
1710.000 99.976 75.570
1711.000 99.986 76.060
1712.000 99.980 75.630
1713.000 99.980 76.150
1714.000 99.978 76.000
1715.000 99.984 76.000
1716.000 99.982 75.530
1717.000 99.984 75.780
1718.000 99.982 76.110
1719.000 99.994 75.990
1720.000 99.988 75.550
1721.000 99.982 75.850
1722.000 99.974 75.960
1723.000 99.994 75.920
1724.000 99.980 75.740
1725.000 99.984 75.690
1726.000 99.990 75.820
1727.000 99.986 75.930
1728.000 99.984 75.880
1729.000 99.986 75.620
1730.000 99.988 75.360
1731.000 99.992 75.800
1732.000 99.984 75.650
1733.000 99.984 75.780
1734.000 99.996 75.870
1735.000 99.976 76.000
1736.000 99.984 75.910
1737.000 99.988 75.640
1738.000 99.972 75.780
1739.000 99.988 75.650
1740.000 99.990 75.620
1741.000 99.970 75.670
1742.000 99.974 76.110
1743.000 99.994 75.920
1744.000 99.988 75.900
1745.000 99.988 75.840
1746.000 99.986 76.190
1747.000 99.986 75.770
1748.000 99.978 75.810
1749.000 99.988 75.680
1750.000 99.960 75.630
1751.000 99.974 75.970
1752.000 99.984 75.610
1753.000 99.990 75.690
1754.000 99.982 76.000
1755.000 99.982 75.860
1756.000 99.988 75.770
1757.000 99.974 75.610
1758.000 99.982 75.850
1759.000 99.984 75.970
1760.000 99.988 76.150
1761.000 99.988 75.650
1762.000 99.994 75.520
1763.000 99.988 75.810
1764.000 99.978 75.600
1765.000 99.988 75.770
1766.000 99.988 75.580
1767.000 99.982 75.820
1768.000 99.986 75.590
1769.000 99.988 75.880
1770.000 99.980 75.570
1771.000 99.984 75.780
1772.000 99.994 76.030
1773.000 99.962 75.840
1774.000 99.982 75.850
1775.000 99.986 75.750
1776.000 99.988 75.950
1777.000 99.986 75.950
1778.000 99.992 75.870
1779.000 99.986 75.880
1780.000 99.986 75.690
1781.000 99.988 75.830
1782.000 99.986 75.550
1783.000 99.986 75.810
1784.000 99.976 76.220
1785.000 99.992 75.830
1786.000 99.992 75.900
1787.000 99.976 75.880
1788.000 99.976 75.800
1789.000 99.986 75.810
1790.000 99.982 75.810
1791.000 99.982 75.890
1792.000 99.988 75.730
1793.000 99.980 75.590
1794.000 99.994 75.940
1795.000 99.988 75.710
1796.000 99.974 75.850
1797.000 99.976 76.150
1798.000 99.986 75.850
1799.000 99.986 75.860
1800.000 99.986 75.890
1801.000 99.980 75.710
1802.000 99.990 75.800
1803.000 99.990 75.700
1804.000 99.996 75.720
1805.000 99.982 75.700
1806.000 99.984 75.600
1807.000 99.990 75.570
1808.000 99.980 75.710
1809.000 99.986 75.730
1810.000 99.994 75.870
1811.000 99.986 75.870
1812.000 99.982 75.660
1813.000 99.986 75.770
1814.000 99.996 75.690
1815.000 99.986 75.490
1816.000 99.992 75.490
1817.000 99.984 75.490
1818.000 99.986 75.660
1819.000 99.988 75.630
1820.000 99.984 75.930
1821.000 99.982 75.430
1822.000 99.984 75.680
1823.000 99.990 75.770
1824.000 99.984 75.790
1825.000 99.988 75.920
1826.000 99.996 75.560
1827.000 99.992 75.510
1828.000 99.996 75.870
1829.000 99.994 75.840
1830.000 99.990 76.000
1831.000 99.990 75.690
1832.000 99.992 75.870
1833.000 99.990 75.670
1834.000 99.988 75.620
1835.000 99.994 75.710
1836.000 99.994 75.620
1837.000 99.992 75.980
1838.000 99.970 75.870
1839.000 99.992 75.850
1840.000 99.986 75.710
1841.000 99.992 75.930
1842.000 99.996 75.670
1843.000 99.980 75.640
1844.000 99.980 75.810
1845.000 99.992 75.570
1846.000 99.984 75.720
1847.000 99.990 75.880
1848.000 99.982 76.240
1849.000 99.988 75.780
1850.000 99.990 75.570
1851.000 99.984 75.750
1852.000 99.988 75.950
1853.000 99.990 75.960
1854.000 99.982 75.740
1855.000 99.990 75.740
1856.000 99.992 75.950
1857.000 99.988 75.710
1858.000 99.988 75.570
1859.000 99.980 75.760
1860.000 99.992 75.690
1861.000 99.992 75.700
1862.000 99.990 75.830
1863.000 99.994 75.830
1864.000 99.994 75.840
1865.000 99.988 75.990
1866.000 99.996 75.470
1867.000 99.982 75.940
1868.000 99.982 75.670
1869.000 99.992 75.650
1870.000 99.990 75.740
1871.000 99.992 75.860
1872.000 99.990 75.750
1873.000 99.988 76.040
1874.000 99.992 75.910
1875.000 99.992 75.940
1876.000 99.984 75.900
1877.000 99.986 75.730
1878.000 99.992 75.600
1879.000 99.990 75.970
1880.000 99.986 75.880
1881.000 99.994 75.370
1882.000 99.990 75.950
1883.000 99.994 75.560
1884.000 99.988 75.920
1885.000 99.992 75.670
1886.000 99.992 75.460
1887.000 99.988 75.810
1888.000 99.994 75.870
1889.000 99.986 75.720
1890.000 99.988 75.960
1891.000 99.990 75.880
1892.000 99.998 75.960
1893.000 99.998 75.780
1894.000 99.988 75.630
1895.000 99.990 75.880
1896.000 99.992 76.110
1897.000 99.986 75.660
1898.000 99.992 75.970
1899.000 99.992 75.530
1900.000 99.988 75.830
1901.000 99.988 75.860
1902.000 99.988 75.880
1903.000 99.990 75.680
1904.000 99.986 76.080
1905.000 99.988 75.700
1906.000 99.982 75.700
1907.000 99.990 75.750
1908.000 99.988 75.800
1909.000 99.992 75.770
1910.000 99.992 75.640
1911.000 99.992 76.010
1912.000 99.986 76.040
1913.000 99.990 75.900
1914.000 99.990 75.700
1915.000 99.988 76.110
1916.000 99.988 76.080
1917.000 99.996 76.000
1918.000 99.992 75.750
1919.000 100.000 75.810
1920.000 99.984 76.070
1921.000 99.992 75.520
1922.000 99.986 75.980
1923.000 99.990 76.010
1924.000 99.994 75.760
1925.000 99.988 75.700
1926.000 99.986 76.050
1927.000 99.986 75.850
1928.000 99.996 75.560
1929.000 99.996 76.010
1930.000 99.990 75.820
1931.000 99.992 75.870
1932.000 99.988 75.450
1933.000 99.992 75.930
1934.000 99.990 75.790
1935.000 99.990 76.050
1936.000 99.994 75.580
1937.000 99.992 75.880
1938.000 99.994 75.820
1939.000 99.992 76.010
1940.000 99.992 75.850
1941.000 99.986 75.700
1942.000 99.992 75.880
1943.000 99.988 75.610
1944.000 99.996 76.100
1945.000 99.986 76.080
1946.000 99.994 75.900
1947.000 99.992 76.000
1948.000 99.996 75.820
1949.000 99.994 76.010
1950.000 99.992 75.880
1951.000 99.996 75.740
1952.000 99.996 75.500
1953.000 99.998 75.870
1954.000 99.988 75.500
1955.000 99.982 75.550
1956.000 99.992 75.840
1957.000 99.988 75.460
1958.000 99.996 75.720
1959.000 99.990 76.090
1960.000 99.992 75.750
1961.000 99.990 75.760
1962.000 99.998 75.720
1963.000 99.994 76.010
1964.000 99.992 75.780
1965.000 99.994 76.090
1966.000 99.994 75.850
1967.000 99.992 75.880
1968.000 99.992 75.900
1969.000 99.996 75.890
1970.000 99.990 75.780
1971.000 99.992 75.990
1972.000 99.994 76.000
1973.000 99.994 75.810
1974.000 99.992 75.840
1975.000 99.990 75.790
1976.000 99.988 75.800
1977.000 99.984 75.920
1978.000 99.994 75.710
1979.000 99.980 75.960
1980.000 99.984 76.160
1981.000 99.994 75.800
1982.000 99.988 75.890
1983.000 99.994 75.710
1984.000 99.994 75.910
1985.000 99.990 75.970
1986.000 99.988 75.920
1987.000 99.992 75.700
1988.000 99.994 75.900
1989.000 99.984 75.630
1990.000 99.996 75.670
1991.000 99.988 75.800
1992.000 99.990 75.650
1993.000 99.996 75.940
1994.000 99.998 75.730
1995.000 99.990 75.750
1996.000 99.990 75.760
1997.000 99.994 75.570
1998.000 99.996 75.590
1999.000 99.996 75.700
2000.000 99.998 75.620
2001.000 99.988 75.520
2002.000 99.998 75.670
2003.000 99.984 76.040
2004.000 99.992 75.850
2005.000 99.990 75.800
2006.000 99.994 75.910
2007.000 99.992 75.880
2008.000 99.996 75.770
2009.000 100.000 75.660
2010.000 99.992 75.690
2011.000 99.990 75.690
2012.000 99.994 75.690
2013.000 99.994 75.680
2014.000 99.992 75.860
2015.000 99.996 75.820
2016.000 99.996 75.570
2017.000 99.984 75.770
2018.000 99.992 75.740
2019.000 99.990 75.790
2020.000 99.996 75.820
2021.000 99.994 76.170
2022.000 99.990 76.090
2023.000 99.994 75.680
2024.000 99.990 75.710
2025.000 99.992 75.960
2026.000 99.994 75.810
2027.000 99.994 75.670
2028.000 99.994 75.850
2029.000 99.996 75.810
2030.000 99.996 75.970
2031.000 99.988 75.530
2032.000 99.994 75.590
2033.000 99.992 75.810
2034.000 99.982 75.770
2035.000 99.992 75.760
2036.000 99.996 75.920
2037.000 99.994 75.790
2038.000 100.000 75.930
2039.000 99.990 75.700
2040.000 99.994 75.700
2041.000 99.996 75.750
2042.000 100.000 75.700
2043.000 99.990 75.840
2044.000 99.988 75.660
2045.000 99.994 75.440
2046.000 99.996 75.620
2047.000 99.988 75.710
2048.000 99.988 75.790
2049.000 99.992 75.780
2050.000 99.984 75.980
2051.000 99.996 75.670
2052.000 99.986 75.770
2053.000 99.994 75.680
2054.000 99.996 75.800
2055.000 99.990 75.740
2056.000 99.992 75.790
2057.000 99.992 75.570
2058.000 99.992 75.890
2059.000 99.996 75.690
2060.000 99.992 75.670
2061.000 99.994 75.550
2062.000 99.988 75.900
2063.000 100.000 75.600
2064.000 99.998 75.580
2065.000 99.994 75.690
2066.000 99.992 75.890
2067.000 99.998 75.710
2068.000 99.994 75.990
2069.000 99.988 75.740
2070.000 99.998 75.740
2071.000 99.988 76.030
2072.000 99.996 75.850
2073.000 99.996 75.870
2074.000 99.996 76.140
2075.000 99.996 75.610
2076.000 99.992 76.120
2077.000 99.992 76.140
2078.000 99.996 75.950
2079.000 99.986 75.740
2080.000 99.990 75.640
2081.000 99.984 76.060
2082.000 99.986 75.710
2083.000 99.996 75.740
2084.000 99.998 76.190
2085.000 99.994 75.850
2086.000 99.988 75.910
2087.000 99.996 75.910
2088.000 100.000 76.070
2089.000 99.996 75.850
2090.000 99.994 75.540
2091.000 99.994 75.600
2092.000 100.000 76.080
2093.000 99.996 75.580
2094.000 99.996 75.740
2095.000 99.998 76.010
2096.000 99.996 75.840
2097.000 99.994 75.760
2098.000 99.992 75.620
2099.000 99.996 75.930
2100.000 99.992 75.730
2101.000 99.986 75.570
2102.000 99.996 75.710
2103.000 99.996 75.780
2104.000 99.994 75.560
2105.000 100.000 75.990
2106.000 99.998 75.740
2107.000 99.996 75.880
2108.000 99.990 75.890
2109.000 99.994 75.650
2110.000 99.994 75.750
2111.000 99.982 75.770
2112.000 99.990 75.890
2113.000 99.998 75.880
2114.000 99.992 75.500
2115.000 99.998 75.470
2116.000 99.992 75.930
2117.000 99.986 75.650
2118.000 99.994 75.790
2119.000 99.988 75.690
2120.000 99.994 75.410
2121.000 99.994 75.830
2122.000 99.992 75.820
2123.000 99.994 75.900
2124.000 99.986 75.780
2125.000 99.984 75.870
2126.000 99.992 75.610
2127.000 100.000 75.820
2128.000 99.998 75.810
2129.000 99.990 75.810
2130.000 99.992 75.750
2131.000 99.990 75.560
2132.000 99.996 75.680
2133.000 99.996 76.040
2134.000 99.992 76.070
2135.000 99.996 76.030
2136.000 99.992 76.100
2137.000 99.994 76.030
2138.000 99.996 75.850
2139.000 99.998 75.850
2140.000 99.990 75.840
2141.000 99.996 75.740
2142.000 99.994 76.000
2143.000 99.998 75.990
2144.000 99.994 76.180
2145.000 100.000 75.860
2146.000 99.992 75.680
2147.000 99.996 75.660
2148.000 99.994 75.960
2149.000 99.994 75.750
2150.000 99.994 75.900
2151.000 99.994 76.000
2152.000 99.996 75.750
2153.000 99.996 76.040
2154.000 99.996 75.830
2155.000 99.996 75.920
2156.000 100.000 75.450
2157.000 99.990 75.600
2158.000 99.996 75.910
2159.000 99.998 76.000
2160.000 100.000 75.680
2161.000 99.998 75.860
2162.000 100.000 75.890
2163.000 99.994 75.750
2164.000 99.994 75.710
2165.000 99.996 75.830
2166.000 99.996 75.780
2167.000 99.998 76.080
2168.000 99.998 75.820
2169.000 99.998 75.770
2170.000 100.000 75.830
2171.000 99.996 75.720
2172.000 99.994 75.720
2173.000 100.000 75.870
2174.000 99.990 75.720
2175.000 99.998 75.890
2176.000 100.000 75.650
2177.000 99.994 75.570
2178.000 99.996 75.550
2179.000 99.988 75.990
2180.000 99.996 75.960
2181.000 99.998 75.870
2182.000 99.994 75.900
2183.000 99.994 75.750
2184.000 99.998 76.000
2185.000 99.998 75.660
2186.000 99.998 75.780
2187.000 99.990 75.790
2188.000 99.994 75.950
2189.000 99.994 75.850
2190.000 99.988 75.760
2191.000 99.996 75.820
2192.000 99.996 75.820
2193.000 99.990 75.700
2194.000 99.996 75.640
2195.000 100.000 75.790
2196.000 100.000 75.560
2197.000 99.996 75.890
2198.000 99.996 75.520
2199.000 99.998 75.700
2200.000 99.994 75.500
2201.000 100.000 75.880
2202.000 99.994 75.900
2203.000 99.994 75.910
2204.000 99.992 75.780
2205.000 99.996 75.750
2206.000 99.994 75.800
2207.000 99.994 75.970
2208.000 100.000 75.870
2209.000 100.000 75.830
2210.000 99.994 75.880
2211.000 99.988 75.630
2212.000 99.982 75.850
2213.000 100.000 75.950
2214.000 99.996 75.840
2215.000 99.994 75.600
2216.000 99.992 75.710
2217.000 99.994 75.960
2218.000 99.992 75.950
2219.000 99.994 75.940
2220.000 99.994 75.590
2221.000 99.992 75.820
2222.000 99.996 75.890
2223.000 99.992 75.480
2224.000 100.000 75.900
2225.000 99.996 75.830
2226.000 100.000 75.740
2227.000 99.998 75.770
2228.000 99.998 75.760
2229.000 99.992 75.630
2230.000 99.994 76.120
2231.000 99.996 75.610
2232.000 100.000 75.810
2233.000 99.996 75.810
2234.000 99.998 75.800
2235.000 99.998 75.660
2236.000 99.996 75.840
2237.000 99.996 75.640
2238.000 99.996 75.720
2239.000 99.998 75.830
2240.000 99.998 75.740
2241.000 99.996 75.610
2242.000 99.992 75.980
2243.000 99.996 75.950
2244.000 99.998 75.540
2245.000 99.994 75.650
2246.000 100.000 75.620
2247.000 99.996 75.710
2248.000 99.994 75.600
2249.000 99.992 75.900
2250.000 100.000 75.780
2251.000 100.000 75.900
2252.000 99.994 76.020
2253.000 99.998 76.100
2254.000 99.994 75.690
2255.000 99.990 75.670
2256.000 99.998 75.910
2257.000 99.994 75.480
2258.000 100.000 75.880
2259.000 99.996 75.430
2260.000 99.994 75.790
2261.000 99.994 75.630
2262.000 99.994 75.700
2263.000 99.996 75.890
2264.000 100.000 75.960
2265.000 99.998 75.770
2266.000 99.992 75.850
2267.000 99.992 75.730
2268.000 99.992 75.580
2269.000 99.996 75.770
2270.000 99.994 75.650
2271.000 99.998 75.610
2272.000 99.998 75.910
2273.000 99.992 75.740
2274.000 99.998 75.920
2275.000 100.000 75.860
2276.000 100.000 75.730
2277.000 99.996 75.720
2278.000 99.998 75.750
2279.000 99.996 75.770
2280.000 100.000 75.790
2281.000 99.990 75.610
2282.000 99.990 75.770
2283.000 100.000 75.650
2284.000 99.996 75.590
2285.000 99.992 75.680
2286.000 100.000 75.530
2287.000 99.992 75.810
2288.000 100.000 75.930
2289.000 99.996 75.930
2290.000 99.992 75.750
2291.000 99.998 75.600
2292.000 99.994 75.880
2293.000 99.998 75.800
2294.000 99.996 75.720
2295.000 99.996 75.830
2296.000 99.996 75.740
2297.000 99.986 76.040
2298.000 99.996 75.710
2299.000 99.992 75.890
2300.000 99.996 75.750
2301.000 99.996 75.790
2302.000 99.998 75.720
2303.000 99.992 75.880
2304.000 99.994 75.860
2305.000 99.996 75.510
2306.000 100.000 75.420
2307.000 99.998 75.840
2308.000 99.996 75.780
2309.000 99.998 76.050
2310.000 100.000 75.980
2311.000 99.998 75.750
2312.000 99.996 75.690
2313.000 99.996 75.860
2314.000 99.998 75.750
2315.000 99.996 75.800
2316.000 99.998 75.760
2317.000 99.994 75.870
2318.000 100.000 75.500
2319.000 99.998 75.830
2320.000 99.998 75.850
2321.000 99.996 75.580
2322.000 99.992 75.660
2323.000 99.998 75.950
2324.000 99.998 75.800
2325.000 99.994 75.920
2326.000 99.992 75.820
2327.000 99.992 75.980
2328.000 99.992 75.540
2329.000 99.994 75.710
2330.000 100.000 75.750
2331.000 99.992 75.820
2332.000 99.998 75.770
2333.000 99.990 75.530
2334.000 99.994 75.590
2335.000 99.996 75.800
2336.000 99.998 75.890
2337.000 99.992 75.800
2338.000 99.992 75.340
2339.000 100.000 75.850
2340.000 99.998 75.740
2341.000 99.998 75.780
2342.000 100.000 75.590
2343.000 99.996 75.510
2344.000 99.998 75.650
2345.000 99.996 75.840
2346.000 99.996 75.500
2347.000 99.998 75.660
2348.000 99.996 75.790
2349.000 99.998 75.620
2350.000 100.000 75.650
2351.000 100.000 75.710
2352.000 99.996 75.940
2353.000 99.998 75.750
2354.000 100.000 75.790
2355.000 99.996 76.050
2356.000 100.000 75.890
2357.000 99.998 75.870
2358.000 99.998 75.730
2359.000 99.998 75.570
2360.000 99.998 75.640
2361.000 99.998 75.690
2362.000 99.990 75.600
2363.000 100.000 75.630
2364.000 99.998 75.610
2365.000 99.998 75.540
2366.000 100.000 76.080
2367.000 99.992 76.010
2368.000 99.992 75.770
2369.000 99.998 75.730
2370.000 99.996 75.830
2371.000 99.996 75.720
2372.000 99.998 75.470
2373.000 99.994 75.690
2374.000 99.994 75.610
2375.000 99.998 75.620
2376.000 99.998 75.500
2377.000 99.996 75.770
2378.000 100.000 75.380
2379.000 99.998 75.750
2380.000 100.000 75.820
2381.000 100.000 75.630
2382.000 100.000 75.610
2383.000 99.998 75.490
2384.000 99.996 75.820
2385.000 100.000 75.620
2386.000 99.996 75.670
2387.000 99.996 75.770
2388.000 99.996 75.680
2389.000 99.996 75.660
2390.000 99.990 75.360
2391.000 99.998 75.840
2392.000 99.998 76.060
2393.000 99.996 75.470
2394.000 100.000 75.150
2395.000 100.000 75.920
2396.000 100.000 75.770
2397.000 100.000 75.550
2398.000 100.000 75.440
2399.000 99.998 75.620
2400.000 99.996 75.590
2401.000 99.998 75.590
2402.000 100.000 75.680
2403.000 99.998 75.720
2404.000 99.994 75.770
2405.000 99.998 75.850
2406.000 99.996 75.800
2407.000 100.000 75.480
2408.000 99.996 75.600
2409.000 100.000 75.760
2410.000 99.996 75.410
2411.000 99.998 75.580
2412.000 100.000 75.720
2413.000 100.000 75.630
2414.000 99.996 75.740
2415.000 99.998 75.770
2416.000 99.994 75.650
2417.000 99.996 75.780
2418.000 99.996 75.640
2419.000 99.998 75.660
2420.000 99.998 75.630
2421.000 99.998 75.880
2422.000 99.996 75.440
2423.000 99.998 75.770
2424.000 99.990 75.690
2425.000 99.998 75.790
2426.000 99.994 75.860
2427.000 99.996 75.320
2428.000 99.998 75.950
2429.000 99.998 75.780
2430.000 100.000 75.700
2431.000 100.000 75.690
2432.000 99.998 76.000
2433.000 99.992 75.600
2434.000 99.998 75.750
2435.000 99.998 75.820
2436.000 99.994 76.080
2437.000 99.996 75.750
2438.000 100.000 75.680
2439.000 99.996 75.740
2440.000 100.000 75.810
2441.000 99.996 75.600
2442.000 100.000 75.900
2443.000 99.994 75.890
2444.000 100.000 75.790
2445.000 99.996 75.910
2446.000 99.996 75.590
2447.000 99.994 75.740
2448.000 99.998 75.850
2449.000 99.998 75.880
2450.000 99.996 75.650
2451.000 99.996 75.910
2452.000 99.996 75.620
2453.000 99.994 75.700
2454.000 99.998 75.790
2455.000 99.994 75.490
2456.000 100.000 75.810
2457.000 99.998 75.760
2458.000 100.000 75.630
2459.000 99.996 75.780
2460.000 99.996 75.770
2461.000 99.998 75.850
2462.000 99.996 75.950
2463.000 99.998 76.020
2464.000 100.000 75.980
2465.000 99.998 75.790
2466.000 99.998 75.610
2467.000 99.998 75.710
2468.000 100.000 75.500
2469.000 99.998 75.740
2470.000 99.998 75.790
2471.000 99.994 75.890
2472.000 100.000 75.790
2473.000 100.000 75.690
2474.000 100.000 75.850
2475.000 99.994 75.780
2476.000 99.994 75.590
2477.000 99.994 75.840
2478.000 99.998 75.770
2479.000 99.998 75.730
2480.000 99.998 75.720
2481.000 99.998 75.750
2482.000 100.000 75.800
2483.000 99.994 75.560
2484.000 99.996 75.630
2485.000 99.996 76.060
2486.000 100.000 75.600
2487.000 100.000 75.990
2488.000 100.000 75.690
2489.000 100.000 75.530
2490.000 100.000 75.810
2491.000 100.000 75.430
2492.000 99.996 75.710
2493.000 99.996 75.610
2494.000 100.000 75.920
2495.000 99.998 75.800
2496.000 100.000 75.740
2497.000 100.000 75.600
2498.000 99.998 75.750
2499.000 99.998 75.860
2500.000 99.998 75.800
2501.000 100.000 75.710
2502.000 99.998 76.100
2503.000 99.998 75.730
2504.000 99.998 75.730
2505.000 99.998 75.820
2506.000 99.994 75.880
2507.000 99.998 75.950
2508.000 99.998 75.980
2509.000 99.998 75.850
2510.000 100.000 75.840
2511.000 100.000 75.720
2512.000 99.998 75.800
2513.000 99.998 75.700
2514.000 100.000 75.630
2515.000 100.000 75.760
2516.000 100.000 75.670
2517.000 100.000 75.790
2518.000 100.000 75.780
2519.000 99.996 75.690
2520.000 100.000 75.710
2521.000 100.000 75.730
2522.000 100.000 75.620
2523.000 99.998 75.640
2524.000 100.000 75.850
2525.000 99.994 75.620
2526.000 99.998 75.730
2527.000 99.994 75.670
2528.000 100.000 75.470
2529.000 99.996 76.070
2530.000 99.994 75.980
2531.000 99.996 75.770
2532.000 99.998 75.380
2533.000 100.000 75.390
2534.000 99.998 75.640
2535.000 99.998 75.640
2536.000 100.000 75.570
2537.000 99.994 75.530
2538.000 99.996 75.900
2539.000 100.000 75.900
2540.000 100.000 75.650
2541.000 99.998 75.550
2542.000 100.000 75.620
2543.000 100.000 75.540
2544.000 99.996 75.750
2545.000 99.996 75.890
2546.000 99.998 75.870
2547.000 99.998 75.470
2548.000 100.000 75.560
2549.000 99.998 75.730
2550.000 99.992 75.630
2551.000 99.998 75.550
2552.000 99.998 75.700
2553.000 100.000 75.530
2554.000 99.998 75.670
2555.000 99.996 75.570
2556.000 100.000 75.660
2557.000 100.000 75.680
2558.000 99.998 75.650
2559.000 100.000 75.740
2560.000 99.998 75.570
2561.000 100.000 75.580
2562.000 100.000 75.300
2563.000 100.000 75.770
2564.000 99.998 75.580
2565.000 99.998 75.620
2566.000 100.000 75.660
2567.000 99.998 75.750
2568.000 100.000 75.970
2569.000 99.998 75.630
2570.000 100.000 75.690
2571.000 99.998 75.850
2572.000 99.994 75.410
2573.000 100.000 75.720
2574.000 99.998 75.670
2575.000 99.996 75.590
2576.000 99.996 75.770
2577.000 100.000 75.790
2578.000 100.000 75.940
2579.000 99.998 75.980
2580.000 100.000 75.500
2581.000 99.998 75.670
2582.000 100.000 75.670
2583.000 99.994 75.750
2584.000 99.998 75.650
2585.000 99.998 75.590
2586.000 99.998 75.730
2587.000 99.996 75.690
2588.000 99.994 75.460
2589.000 99.998 75.620
2590.000 99.996 75.530
2591.000 99.998 75.570
2592.000 99.998 75.830
2593.000 99.998 75.650
2594.000 99.998 75.480
2595.000 99.998 75.730
2596.000 99.994 75.700
2597.000 99.996 75.710
2598.000 99.996 75.720
2599.000 99.998 75.770
2600.000 99.996 75.870
2601.000 100.000 75.750
2602.000 100.000 75.870
2603.000 99.998 75.570
2604.000 99.998 75.700
2605.000 99.998 75.690
2606.000 99.998 75.900
2607.000 99.998 75.850
2608.000 99.996 75.790
2609.000 100.000 75.730
2610.000 100.000 75.790
2611.000 99.998 75.660
2612.000 99.998 75.830
2613.000 99.998 75.860
2614.000 99.996 75.590
2615.000 99.998 75.630
2616.000 99.998 75.800
2617.000 99.998 75.760
2618.000 100.000 75.790
2619.000 100.000 75.870
2620.000 100.000 75.940
2621.000 99.998 75.780
2622.000 100.000 75.870
2623.000 99.998 75.790
2624.000 99.998 75.590
2625.000 99.998 75.790
2626.000 99.998 76.020
2627.000 99.996 75.810
2628.000 99.994 75.760
2629.000 100.000 75.790
2630.000 100.000 75.570
2631.000 99.998 75.720
2632.000 99.996 75.940
2633.000 99.996 75.950
2634.000 99.998 75.640
2635.000 99.994 75.760
2636.000 99.998 75.710
2637.000 99.998 75.790
2638.000 99.998 75.600
2639.000 99.998 75.540
2640.000 100.000 75.930
2641.000 99.998 75.890
2642.000 100.000 75.700
2643.000 99.998 75.810
2644.000 99.996 75.800
2645.000 99.996 75.730
2646.000 100.000 75.980
2647.000 99.996 75.590
2648.000 99.998 75.500
2649.000 100.000 75.750
2650.000 99.996 75.450
2651.000 99.998 75.640
2652.000 100.000 75.650
2653.000 100.000 75.580
2654.000 99.998 75.770
2655.000 99.998 75.530
2656.000 100.000 75.550
2657.000 99.998 75.460
2658.000 99.998 75.580
2659.000 100.000 75.670
2660.000 100.000 75.680
2661.000 100.000 75.480
2662.000 99.996 75.950
2663.000 99.998 75.840
2664.000 99.998 75.820
2665.000 99.998 75.660
2666.000 99.998 75.870
2667.000 100.000 76.040
2668.000 100.000 75.720
2669.000 99.996 75.500
2670.000 99.998 75.780
2671.000 99.998 75.670
2672.000 99.998 75.620
2673.000 99.994 75.300
2674.000 99.994 75.730
2675.000 100.000 75.710
2676.000 99.998 75.710
2677.000 100.000 75.550
2678.000 99.996 75.700
2679.000 99.996 75.890
2680.000 100.000 75.740
2681.000 99.998 75.740
2682.000 99.996 75.740
2683.000 99.996 75.680
2684.000 99.998 75.670
2685.000 100.000 75.520
2686.000 99.998 75.590
2687.000 99.996 75.720
2688.000 99.998 75.600
2689.000 100.000 75.690
2690.000 99.998 75.690
2691.000 100.000 75.700
2692.000 99.998 75.660
2693.000 99.996 75.800
2694.000 100.000 75.810
2695.000 99.998 75.720
2696.000 100.000 75.770
2697.000 99.996 75.710
2698.000 100.000 75.660
2699.000 100.000 75.390
2700.000 100.000 75.650
2701.000 99.998 75.490
2702.000 100.000 75.630
2703.000 99.996 75.660
2704.000 99.998 75.400
2705.000 99.996 75.660
2706.000 99.996 75.760
2707.000 100.000 75.660
2708.000 99.998 75.720
2709.000 100.000 75.520
2710.000 100.000 75.810
2711.000 99.998 75.640
2712.000 100.000 75.720
2713.000 99.998 75.630
2714.000 100.000 75.490
2715.000 99.998 75.690
2716.000 99.996 75.750
2717.000 99.996 75.750
2718.000 99.998 75.880
2719.000 99.998 75.650
2720.000 99.994 75.590
2721.000 100.000 75.530
2722.000 99.998 75.770
2723.000 100.000 75.720
2724.000 100.000 75.690
2725.000 100.000 75.700
2726.000 99.998 75.610
2727.000 99.998 75.740
2728.000 99.996 75.840
2729.000 100.000 75.800
2730.000 100.000 75.610
2731.000 99.998 75.650
2732.000 100.000 75.970
2733.000 100.000 75.650
2734.000 99.996 75.780
2735.000 99.996 75.970
2736.000 99.998 75.700
2737.000 99.998 75.810
2738.000 100.000 75.580
2739.000 100.000 75.730
2740.000 99.998 75.660
2741.000 99.998 75.540
2742.000 100.000 75.450
2743.000 100.000 75.600
2744.000 100.000 75.620
2745.000 99.998 75.660
2746.000 100.000 75.430
2747.000 99.998 75.870
2748.000 100.000 75.600
2749.000 99.998 75.530
2750.000 100.000 75.780
2751.000 100.000 75.450
2752.000 100.000 75.520
2753.000 99.996 75.950
2754.000 99.998 75.640
2755.000 99.998 75.530
2756.000 99.998 75.620
2757.000 100.000 75.620
2758.000 99.998 75.620
2759.000 100.000 75.480
2760.000 99.996 75.790
2761.000 100.000 75.930
2762.000 100.000 75.670
2763.000 100.000 75.650
2764.000 99.996 75.470
2765.000 100.000 75.510
2766.000 100.000 75.750
2767.000 99.998 75.310
2768.000 100.000 75.550
2769.000 99.998 75.680
2770.000 99.998 75.540
2771.000 99.998 75.510
2772.000 100.000 75.610
2773.000 100.000 75.560
2774.000 99.998 75.490
2775.000 99.996 75.460
2776.000 99.998 75.720
2777.000 100.000 75.750
2778.000 100.000 75.590
2779.000 99.996 75.600
2780.000 99.996 75.740
2781.000 100.000 75.580
2782.000 100.000 75.800
2783.000 99.998 75.740
2784.000 99.996 75.720
2785.000 99.996 75.690
2786.000 100.000 75.550
2787.000 100.000 75.770
2788.000 100.000 75.860
2789.000 100.000 75.650
2790.000 99.996 75.740
2791.000 99.998 75.740
2792.000 100.000 75.510
2793.000 100.000 75.630
2794.000 99.998 75.770
2795.000 100.000 75.680
2796.000 100.000 75.630
2797.000 100.000 75.570
2798.000 99.998 75.630
2799.000 99.998 75.640
2800.000 100.000 75.480
2801.000 100.000 75.660
2802.000 100.000 75.610
2803.000 100.000 75.810
2804.000 100.000 75.610
2805.000 100.000 75.660
2806.000 100.000 75.720
2807.000 100.000 75.490
2808.000 100.000 75.640
2809.000 100.000 75.440
2810.000 99.998 75.560
2811.000 99.998 75.560
2812.000 100.000 75.570
2813.000 99.998 75.850
2814.000 99.998 75.690
2815.000 100.000 75.420
2816.000 100.000 75.540
2817.000 100.000 75.630
2818.000 100.000 75.720
2819.000 99.998 75.580
2820.000 99.998 75.720
2821.000 100.000 75.630
2822.000 99.998 75.890
2823.000 100.000 75.680
2824.000 99.996 75.650
2825.000 99.996 75.430
2826.000 100.000 75.570
2827.000 100.000 75.550
2828.000 99.998 75.590
2829.000 100.000 75.720
2830.000 99.996 75.710
2831.000 100.000 75.580
2832.000 100.000 75.400
2833.000 99.996 75.530
2834.000 100.000 75.640
2835.000 100.000 75.660
2836.000 99.998 75.370
2837.000 100.000 75.720
2838.000 99.994 75.710
2839.000 100.000 75.790
2840.000 100.000 75.610
2841.000 100.000 75.620
2842.000 99.996 75.710
2843.000 100.000 75.740
2844.000 100.000 75.550
2845.000 100.000 75.680
2846.000 99.998 75.790
2847.000 100.000 75.730
2848.000 100.000 75.930
2849.000 100.000 75.260
2850.000 100.000 75.730
2851.000 99.998 75.670
2852.000 100.000 75.930
2853.000 100.000 75.750
2854.000 99.996 75.710
2855.000 100.000 75.630
2856.000 99.998 75.740
2857.000 100.000 75.890
2858.000 100.000 75.570
2859.000 99.996 75.720
2860.000 100.000 75.790
2861.000 100.000 75.470
2862.000 99.996 75.400
2863.000 99.998 75.680
2864.000 100.000 75.680
2865.000 100.000 75.750
2866.000 100.000 75.660
2867.000 99.998 75.620
2868.000 99.998 75.700
2869.000 99.998 75.750
2870.000 99.998 75.170
2871.000 100.000 75.980
2872.000 100.000 75.500
2873.000 99.996 75.910
2874.000 99.998 75.660
2875.000 100.000 75.740
2876.000 100.000 75.920
2877.000 100.000 75.600
2878.000 100.000 75.520
2879.000 99.998 75.440
2880.000 100.000 75.710
2881.000 99.998 75.580
2882.000 99.998 75.530
2883.000 100.000 75.630
2884.000 100.000 75.860
2885.000 100.000 75.560
2886.000 100.000 75.830
2887.000 99.998 75.590
2888.000 100.000 75.610
2889.000 100.000 75.750
2890.000 100.000 75.580
2891.000 100.000 75.740
2892.000 100.000 75.650
2893.000 100.000 75.710
2894.000 100.000 75.910
2895.000 99.998 75.710
2896.000 100.000 75.930
2897.000 100.000 75.370
2898.000 100.000 75.610
2899.000 99.992 75.230
2900.000 99.996 75.740
2901.000 100.000 75.540
2902.000 100.000 75.550
2903.000 100.000 75.680
2904.000 100.000 75.480
2905.000 100.000 75.610
2906.000 100.000 75.440
2907.000 100.000 75.650
2908.000 99.996 75.450
2909.000 100.000 75.460
2910.000 99.996 75.860
2911.000 100.000 75.390
2912.000 99.998 75.730
2913.000 100.000 75.460
2914.000 100.000 75.500
2915.000 99.998 75.510
2916.000 100.000 75.430
2917.000 100.000 75.400
2918.000 99.998 75.640
2919.000 100.000 75.630
2920.000 100.000 75.620
2921.000 100.000 75.400
2922.000 99.998 75.500
2923.000 99.996 75.710
2924.000 100.000 75.590
2925.000 100.000 75.870
2926.000 100.000 75.540
2927.000 100.000 75.740
2928.000 100.000 75.750
2929.000 100.000 75.650
2930.000 100.000 75.320
2931.000 99.996 75.430
2932.000 100.000 75.690
2933.000 99.998 75.780
2934.000 100.000 75.740
2935.000 100.000 75.880
2936.000 100.000 75.800
2937.000 100.000 75.670
2938.000 100.000 75.590
2939.000 100.000 75.970
2940.000 99.998 75.550
2941.000 100.000 75.550
2942.000 100.000 75.690
2943.000 100.000 75.590
2944.000 100.000 75.690
2945.000 100.000 75.510
2946.000 100.000 75.620
2947.000 100.000 75.980
2948.000 99.998 75.560
2949.000 100.000 75.670
2950.000 99.998 75.720
2951.000 100.000 75.600
2952.000 99.998 75.670
2953.000 100.000 75.670
2954.000 99.998 75.610
2955.000 99.998 75.640
2956.000 99.998 75.440
2957.000 100.000 75.500
2958.000 100.000 75.830
2959.000 99.998 75.530
2960.000 100.000 75.660
2961.000 100.000 75.650
2962.000 99.998 75.790
2963.000 100.000 75.670
2964.000 100.000 75.850
2965.000 100.000 75.720
2966.000 100.000 75.370
2967.000 99.998 75.650
2968.000 100.000 75.830
2969.000 99.998 75.770
2970.000 99.994 75.500
2971.000 100.000 75.640
2972.000 100.000 75.620
2973.000 100.000 75.710
2974.000 99.998 75.680
2975.000 100.000 75.550
2976.000 100.000 75.480
2977.000 100.000 75.630
2978.000 100.000 75.580
2979.000 100.000 75.670
2980.000 100.000 75.490
2981.000 99.998 75.450
2982.000 100.000 75.500
2983.000 100.000 75.570
2984.000 100.000 75.580
2985.000 100.000 75.490
2986.000 100.000 75.260
2987.000 100.000 75.570
2988.000 100.000 75.410
2989.000 99.998 75.450
2990.000 99.996 75.590
2991.000 100.000 75.700
2992.000 100.000 75.340
2993.000 100.000 75.870
2994.000 100.000 75.570
2995.000 100.000 75.580
2996.000 99.996 75.630
2997.000 99.998 75.500
2998.000 100.000 75.460
2999.000 99.998 75.670
3000.000 100.000 75.640
3001.000 100.000 75.550
3002.000 100.000 75.750
3003.000 100.000 75.560
3004.000 99.998 75.610
3005.000 99.996 75.530
3006.000 100.000 75.600
3007.000 99.998 75.820
3008.000 100.000 75.480
3009.000 99.998 75.660
3010.000 99.998 75.500
3011.000 100.000 75.600
3012.000 100.000 75.660
3013.000 100.000 75.650
3014.000 100.000 75.750
3015.000 99.998 75.760
3016.000 100.000 76.050
3017.000 99.998 75.650
3018.000 100.000 75.840
3019.000 100.000 75.590
3020.000 100.000 75.700
3021.000 100.000 75.550
3022.000 100.000 75.600
3023.000 100.000 75.430
3024.000 100.000 75.680
3025.000 100.000 75.510
3026.000 100.000 75.590
3027.000 99.998 75.640
3028.000 100.000 75.720
3029.000 100.000 75.540
3030.000 100.000 75.430
3031.000 100.000 75.760
3032.000 100.000 75.820
3033.000 100.000 75.700
3034.000 99.996 75.730
3035.000 100.000 75.810
3036.000 99.998 75.610
3037.000 100.000 75.680
3038.000 99.998 75.880
3039.000 100.000 75.690
3040.000 100.000 75.650
3041.000 99.998 75.670
3042.000 100.000 75.760
3043.000 100.000 75.540
3044.000 100.000 75.650
3045.000 99.998 75.440
3046.000 100.000 75.610
3047.000 100.000 75.490
3048.000 100.000 75.580
3049.000 99.998 75.400
3050.000 100.000 75.670
3051.000 100.000 75.780
3052.000 100.000 75.880
3053.000 99.998 75.460
3054.000 99.998 75.700
3055.000 100.000 75.310
3056.000 100.000 75.670
3057.000 100.000 75.720
3058.000 99.998 75.530
3059.000 100.000 75.370
3060.000 100.000 75.660
3061.000 99.998 75.700
3062.000 100.000 75.490
3063.000 100.000 75.610
3064.000 100.000 75.540
3065.000 100.000 75.740
3066.000 99.998 75.670
3067.000 99.998 75.630
3068.000 100.000 75.670
3069.000 100.000 75.670
3070.000 99.998 75.790
3071.000 99.998 75.730
3072.000 100.000 75.790
3073.000 100.000 75.530
3074.000 99.998 75.860
3075.000 100.000 75.900
3076.000 99.996 75.730
3077.000 100.000 75.680
3078.000 99.998 75.670
3079.000 99.996 75.680
3080.000 100.000 75.860
3081.000 100.000 75.600
3082.000 99.996 75.950
3083.000 99.998 75.830
3084.000 100.000 75.660
3085.000 99.998 75.710
3086.000 100.000 75.810
3087.000 99.998 75.700
3088.000 100.000 75.720
3089.000 100.000 75.820
3090.000 100.000 75.600
3091.000 99.998 75.740
3092.000 99.996 76.070
3093.000 100.000 75.740
3094.000 100.000 75.660
3095.000 100.000 75.600
3096.000 100.000 75.690
3097.000 100.000 75.670
3098.000 99.998 75.690
3099.000 100.000 75.370
3100.000 99.998 75.590
3101.000 99.998 75.630
3102.000 100.000 75.790
3103.000 100.000 75.620
3104.000 99.998 75.820
3105.000 100.000 75.370
3106.000 100.000 75.470
3107.000 100.000 75.650
3108.000 100.000 75.820
3109.000 100.000 75.690
3110.000 100.000 75.370
3111.000 99.998 75.700
3112.000 100.000 75.760
3113.000 99.998 75.560
3114.000 99.998 75.590
3115.000 99.998 75.460
3116.000 100.000 75.670
3117.000 100.000 75.570
3118.000 100.000 75.740
3119.000 99.996 75.530
3120.000 100.000 75.530
3121.000 100.000 75.680
3122.000 99.998 75.710
3123.000 100.000 75.630
3124.000 100.000 75.720
3125.000 100.000 75.640
3126.000 99.998 75.670
3127.000 99.994 75.430
3128.000 100.000 75.720
3129.000 100.000 75.670
3130.000 99.998 75.560
3131.000 99.998 75.620
3132.000 100.000 75.640
3133.000 100.000 75.570
3134.000 100.000 75.720
3135.000 100.000 75.640
3136.000 100.000 75.660
3137.000 99.998 75.530
3138.000 100.000 75.620
3139.000 100.000 75.540
3140.000 100.000 75.430
3141.000 99.998 75.230
3142.000 100.000 75.390
3143.000 100.000 75.300
3144.000 100.000 75.590
3145.000 100.000 75.450
3146.000 100.000 75.350
3147.000 100.000 75.630
3148.000 100.000 75.740
3149.000 99.996 75.750
3150.000 100.000 75.740
3151.000 99.998 75.660
3152.000 100.000 75.470
3153.000 99.998 75.550
3154.000 100.000 75.540
3155.000 100.000 75.870
3156.000 100.000 75.730
3157.000 100.000 75.480
3158.000 99.998 75.640
3159.000 100.000 75.600
3160.000 100.000 75.620
3161.000 99.996 75.510
3162.000 99.998 75.430
3163.000 100.000 75.510
3164.000 100.000 75.640
3165.000 100.000 75.430
3166.000 100.000 75.690
3167.000 100.000 75.630
3168.000 100.000 75.540
3169.000 100.000 75.550
3170.000 100.000 75.350
3171.000 100.000 75.670
3172.000 100.000 75.690
3173.000 100.000 75.650
3174.000 100.000 75.810
3175.000 100.000 75.640
3176.000 100.000 75.770
3177.000 99.998 75.910
3178.000 99.998 75.590
3179.000 100.000 75.850
3180.000 99.996 75.600
3181.000 99.998 75.630
3182.000 100.000 75.870
3183.000 99.996 75.760
3184.000 99.996 75.680
3185.000 100.000 75.540
3186.000 100.000 75.780
3187.000 100.000 75.440
3188.000 99.998 75.420
3189.000 100.000 75.480
3190.000 100.000 75.240
3191.000 99.998 75.940
3192.000 100.000 75.490
3193.000 100.000 75.630
3194.000 100.000 75.580
3195.000 100.000 75.710
3196.000 100.000 75.640
3197.000 99.998 75.570
3198.000 100.000 75.720
3199.000 100.000 75.650
3200.000 99.998 75.550
3201.000 100.000 75.250
3202.000 100.000 75.470
3203.000 100.000 75.700
3204.000 99.996 75.570
3205.000 100.000 75.590
3206.000 100.000 75.600
3207.000 100.000 75.510
3208.000 100.000 75.700
3209.000 100.000 75.520
3210.000 100.000 75.780
3211.000 100.000 75.660
3212.000 100.000 75.490
3213.000 100.000 75.370
3214.000 100.000 75.410
3215.000 100.000 75.810
3216.000 99.998 75.540
3217.000 100.000 75.550
3218.000 100.000 75.740
3219.000 100.000 75.350
3220.000 100.000 75.520
3221.000 100.000 75.620
3222.000 100.000 75.380
3223.000 99.998 75.380
3224.000 100.000 75.610
3225.000 100.000 75.550
3226.000 99.998 75.700
3227.000 100.000 75.520
3228.000 100.000 75.400
3229.000 100.000 75.500
3230.000 100.000 75.640
3231.000 100.000 75.780
3232.000 100.000 75.640
3233.000 100.000 75.500
3234.000 100.000 75.550
3235.000 100.000 75.690
3236.000 100.000 75.670
3237.000 100.000 75.880
3238.000 99.998 75.490
3239.000 100.000 75.640
3240.000 100.000 75.710
3241.000 100.000 75.840
3242.000 99.998 75.740
3243.000 100.000 75.600
3244.000 100.000 75.690
3245.000 100.000 75.920
3246.000 100.000 75.560
3247.000 100.000 75.510
3248.000 100.000 75.650
3249.000 99.998 75.510
3250.000 100.000 75.710
3251.000 100.000 75.370
3252.000 100.000 75.860
3253.000 99.996 75.440
3254.000 100.000 75.600
3255.000 100.000 75.530
3256.000 100.000 75.740
3257.000 100.000 75.770
3258.000 100.000 75.600
3259.000 100.000 75.780
3260.000 100.000 75.550
3261.000 100.000 75.550
3262.000 100.000 75.760
3263.000 99.998 75.410
3264.000 100.000 75.710
3265.000 100.000 75.510
3266.000 100.000 75.750
3267.000 100.000 75.540
3268.000 99.998 75.720
3269.000 100.000 75.780
3270.000 100.000 75.520
3271.000 100.000 75.810
3272.000 99.998 75.710
3273.000 100.000 75.610
3274.000 99.998 75.600
3275.000 100.000 75.620
3276.000 99.998 75.680
3277.000 99.998 75.590
3278.000 100.000 75.500
3279.000 99.998 75.700
3280.000 99.998 75.670
3281.000 99.998 75.610
3282.000 99.998 75.580
3283.000 100.000 75.740
3284.000 100.000 75.660
3285.000 100.000 75.600
3286.000 100.000 75.530
3287.000 100.000 75.380
3288.000 100.000 75.750
3289.000 99.998 75.580
3290.000 100.000 75.680
3291.000 100.000 75.440
3292.000 100.000 75.850
3293.000 100.000 75.690
3294.000 100.000 75.450
3295.000 99.998 75.620
3296.000 100.000 75.450
3297.000 99.998 75.900
3298.000 100.000 75.780
3299.000 99.998 75.600
3300.000 100.000 75.600
3301.000 100.000 75.350
