t dd no-dd
1.000000000000000000e+00 1.655374717712402344e+01 1.745434379577636719e+01
1.000000000000000000e+00 1.655374717712402344e+01 1.745434379577636719e+01
1.000000000000000000e+00 1.655374717712402344e+01 1.745434379577636719e+01
1.000000000000000000e+00 1.655374717712402344e+01 1.745434379577636719e+01
1.000000000000000000e+00 1.655374717712402344e+01 1.745434379577636719e+01
1.000000000000000000e+00 1.655374717712402344e+01 1.745434379577636719e+01
1.000000000000000000e+00 1.655374717712402344e+01 1.745434379577636719e+01
1.000000000000000000e+00 1.655374717712402344e+01 1.745434379577636719e+01
1.000000000000000000e+00 1.655374717712402344e+01 1.745434379577636719e+01
1.000000000000000000e+00 1.655374717712402344e+01 1.745434379577636719e+01
1.000000000000000000e+00 1.655374717712402344e+01 1.745434379577636719e+01
1.000000000000000000e+00 1.655374717712402344e+01 1.745434379577636719e+01
1.000000000000000000e+00 1.655374717712402344e+01 1.745434379577636719e+01
1.000000000000000000e+00 1.655374717712402344e+01 1.745434379577636719e+01
1.000000000000000000e+00 1.655374717712402344e+01 1.745434379577636719e+01
1.000000000000000000e+00 1.655374717712402344e+01 1.745434379577636719e+01
1.000000000000000000e+00 1.655374717712402344e+01 1.745434379577636719e+01
1.000000000000000000e+00 1.655374717712402344e+01 1.745434379577636719e+01
1.000000000000000000e+00 1.655374717712402344e+01 1.745434379577636719e+01
1.000000000000000000e+00 1.655374717712402344e+01 1.745434379577636719e+01
1.000000000000000000e+00 1.655374717712402344e+01 1.745434379577636719e+01
1.000000000000000000e+00 1.655374717712402344e+01 1.745434379577636719e+01
1.000000000000000000e+00 1.655374717712402344e+01 1.745434379577636719e+01
1.000000000000000000e+00 1.655374717712402344e+01 1.745434379577636719e+01
1.000000000000000000e+00 1.655374717712402344e+01 1.745434379577636719e+01
1.000000000000000000e+00 1.655374717712402344e+01 1.745434379577636719e+01
1.000000000000000000e+00 1.655374717712402344e+01 1.745434379577636719e+01
1.000000000000000000e+00 1.655374717712402344e+01 1.745434379577636719e+01
1.000000000000000000e+00 1.655374717712402344e+01 1.745434379577636719e+01
1.000000000000000000e+00 1.655374717712402344e+01 1.745434379577636719e+01
1.000000000000000000e+00 1.655374717712402344e+01 1.745434379577636719e+01
1.000000000000000000e+00 1.655374717712402344e+01 1.745434379577636719e+01
1.000000000000000000e+00 1.655374717712402344e+01 1.745434379577636719e+01
1.000000000000000000e+00 1.655374717712402344e+01 1.745434379577636719e+01
1.000000000000000000e+00 1.655374717712402344e+01 1.745434379577636719e+01
1.000000000000000000e+00 1.655374717712402344e+01 1.745434379577636719e+01
1.000000000000000000e+00 1.655374717712402344e+01 1.745434379577636719e+01
1.000000000000000000e+00 1.655374717712402344e+01 1.745434379577636719e+01
1.000000000000000000e+00 1.655374717712402344e+01 1.745434379577636719e+01
1.000000000000000000e+00 1.655374717712402344e+01 1.745434379577636719e+01
1.000000000000000000e+00 1.655374717712402344e+01 1.745434379577636719e+01
1.000000000000000000e+00 1.655374717712402344e+01 1.745434379577636719e+01
1.000000000000000000e+00 1.655374717712402344e+01 1.745434379577636719e+01
1.000000000000000000e+00 1.655374717712402344e+01 1.745434379577636719e+01
1.000000000000000000e+00 1.655374717712402344e+01 1.745434379577636719e+01
2.000000000000000000e+00 1.517194938659667969e+01 1.744542312622070312e+01
2.000000000000000000e+00 1.517194938659667969e+01 1.744542312622070312e+01
2.000000000000000000e+00 1.517194938659667969e+01 1.744542312622070312e+01
2.000000000000000000e+00 1.517194938659667969e+01 1.744542312622070312e+01
2.000000000000000000e+00 1.517194938659667969e+01 1.744542312622070312e+01
2.000000000000000000e+00 1.517194938659667969e+01 1.744542312622070312e+01
2.000000000000000000e+00 1.517194938659667969e+01 1.744542312622070312e+01
2.000000000000000000e+00 1.517194938659667969e+01 1.744542312622070312e+01
2.000000000000000000e+00 1.517194938659667969e+01 1.744542312622070312e+01
2.000000000000000000e+00 1.517194938659667969e+01 1.744542312622070312e+01
2.000000000000000000e+00 1.517194938659667969e+01 1.744542312622070312e+01
2.000000000000000000e+00 1.517194938659667969e+01 1.744542312622070312e+01
2.000000000000000000e+00 1.517194938659667969e+01 1.744542312622070312e+01
2.000000000000000000e+00 1.517194938659667969e+01 1.744542312622070312e+01
2.000000000000000000e+00 1.517194938659667969e+01 1.744542312622070312e+01
2.000000000000000000e+00 1.517194938659667969e+01 1.744542312622070312e+01
2.000000000000000000e+00 1.517194938659667969e+01 1.744542312622070312e+01
2.000000000000000000e+00 1.517194938659667969e+01 1.744542312622070312e+01
2.000000000000000000e+00 1.517194938659667969e+01 1.744542312622070312e+01
2.000000000000000000e+00 1.517194938659667969e+01 1.744542312622070312e+01
2.000000000000000000e+00 1.517194938659667969e+01 1.744542312622070312e+01
2.000000000000000000e+00 1.517194938659667969e+01 1.744542312622070312e+01
2.000000000000000000e+00 1.517194938659667969e+01 1.744542312622070312e+01
2.000000000000000000e+00 1.517194938659667969e+01 1.744542312622070312e+01
2.000000000000000000e+00 1.517194938659667969e+01 1.744542312622070312e+01
2.000000000000000000e+00 1.517194938659667969e+01 1.744542312622070312e+01
3.000000000000000000e+00 1.255701637268066406e+01 1.743511772155761719e+01
3.000000000000000000e+00 1.255701637268066406e+01 1.743511772155761719e+01
3.000000000000000000e+00 1.255701637268066406e+01 1.743511772155761719e+01
3.000000000000000000e+00 1.255701637268066406e+01 1.743511772155761719e+01
3.000000000000000000e+00 1.255701637268066406e+01 1.743511772155761719e+01
3.000000000000000000e+00 1.255701637268066406e+01 1.743511772155761719e+01
3.000000000000000000e+00 1.255701637268066406e+01 1.743511772155761719e+01
3.000000000000000000e+00 1.255701637268066406e+01 1.743511772155761719e+01
3.000000000000000000e+00 1.255701637268066406e+01 1.743511772155761719e+01
3.000000000000000000e+00 1.255701637268066406e+01 1.743511772155761719e+01
3.000000000000000000e+00 1.255701637268066406e+01 1.743511772155761719e+01
3.000000000000000000e+00 1.255701637268066406e+01 1.743511772155761719e+01
3.000000000000000000e+00 1.255701637268066406e+01 1.743511772155761719e+01
3.000000000000000000e+00 1.255701637268066406e+01 1.743511772155761719e+01
3.000000000000000000e+00 1.255701637268066406e+01 1.743511772155761719e+01
3.000000000000000000e+00 1.255701637268066406e+01 1.743511772155761719e+01
3.000000000000000000e+00 1.255701637268066406e+01 1.743511772155761719e+01
3.000000000000000000e+00 1.255701637268066406e+01 1.743511772155761719e+01
3.000000000000000000e+00 1.255701637268066406e+01 1.743511772155761719e+01
4.000000000000000000e+00 9.576457023620605469e+00 1.742291641235351562e+01
4.000000000000000000e+00 9.576457023620605469e+00 1.742291641235351562e+01
4.000000000000000000e+00 9.576457023620605469e+00 1.742291641235351562e+01
4.000000000000000000e+00 9.576457023620605469e+00 1.742291641235351562e+01
4.000000000000000000e+00 9.576457023620605469e+00 1.742291641235351562e+01
4.000000000000000000e+00 9.576457023620605469e+00 1.742291641235351562e+01
4.000000000000000000e+00 9.576457023620605469e+00 1.742291641235351562e+01
4.000000000000000000e+00 9.576457023620605469e+00 1.742291641235351562e+01
4.000000000000000000e+00 9.576457023620605469e+00 1.742291641235351562e+01
4.000000000000000000e+00 9.576457023620605469e+00 1.742291641235351562e+01
4.000000000000000000e+00 9.576457023620605469e+00 1.742291641235351562e+01
4.000000000000000000e+00 9.576457023620605469e+00 1.742291641235351562e+01
4.000000000000000000e+00 9.576457023620605469e+00 1.742291641235351562e+01
4.000000000000000000e+00 9.576457023620605469e+00 1.742291641235351562e+01
5.000000000000000000e+00 8.318017959594726562e+00 1.740922164916992188e+01
5.000000000000000000e+00 8.318017959594726562e+00 1.740922164916992188e+01
5.000000000000000000e+00 8.318017959594726562e+00 1.740922164916992188e+01
5.000000000000000000e+00 8.318017959594726562e+00 1.740922164916992188e+01
5.000000000000000000e+00 8.318017959594726562e+00 1.740922164916992188e+01
5.000000000000000000e+00 8.318017959594726562e+00 1.740922164916992188e+01
5.000000000000000000e+00 8.318017959594726562e+00 1.740922164916992188e+01
5.000000000000000000e+00 8.318017959594726562e+00 1.740922164916992188e+01
5.000000000000000000e+00 8.318017959594726562e+00 1.740922164916992188e+01
5.000000000000000000e+00 8.318017959594726562e+00 1.740922164916992188e+01
5.000000000000000000e+00 8.318017959594726562e+00 1.740922164916992188e+01
5.000000000000000000e+00 8.318017959594726562e+00 1.740922164916992188e+01
6.000000000000000000e+00 7.761138916015625000e+00 1.739242935180664062e+01
6.000000000000000000e+00 7.761138916015625000e+00 1.739242935180664062e+01
6.000000000000000000e+00 7.761138916015625000e+00 1.739242935180664062e+01
6.000000000000000000e+00 7.761138916015625000e+00 1.739242935180664062e+01
6.000000000000000000e+00 7.761138916015625000e+00 1.739242935180664062e+01
6.000000000000000000e+00 7.761138916015625000e+00 1.739242935180664062e+01
6.000000000000000000e+00 7.761138916015625000e+00 1.739242935180664062e+01
6.000000000000000000e+00 7.761138916015625000e+00 1.739242935180664062e+01
6.000000000000000000e+00 7.761138916015625000e+00 1.739242935180664062e+01
6.000000000000000000e+00 7.761138916015625000e+00 1.739242935180664062e+01
7.000000000000000000e+00 7.222578525543212891e+00 1.737163734436035156e+01
7.000000000000000000e+00 7.222578525543212891e+00 1.737163734436035156e+01
7.000000000000000000e+00 7.222578525543212891e+00 1.737163734436035156e+01
7.000000000000000000e+00 7.222578525543212891e+00 1.737163734436035156e+01
7.000000000000000000e+00 7.222578525543212891e+00 1.737163734436035156e+01
7.000000000000000000e+00 7.222578525543212891e+00 1.737163734436035156e+01
7.000000000000000000e+00 7.222578525543212891e+00 1.737163734436035156e+01
7.000000000000000000e+00 7.222578525543212891e+00 1.737163734436035156e+01
7.000000000000000000e+00 7.222578525543212891e+00 1.737163734436035156e+01
8.000000000000000000e+00 6.794541835784912109e+00 1.734599685668945312e+01
8.000000000000000000e+00 6.794541835784912109e+00 1.734599685668945312e+01
8.000000000000000000e+00 6.794541835784912109e+00 1.734599685668945312e+01
8.000000000000000000e+00 6.794541835784912109e+00 1.734599685668945312e+01
8.000000000000000000e+00 6.794541835784912109e+00 1.734599685668945312e+01
8.000000000000000000e+00 6.794541835784912109e+00 1.734599685668945312e+01
8.000000000000000000e+00 6.794541835784912109e+00 1.734599685668945312e+01
9.000000000000000000e+00 6.439472675323486328e+00 1.731459045410156250e+01
9.000000000000000000e+00 6.439472675323486328e+00 1.731459045410156250e+01
9.000000000000000000e+00 6.439472675323486328e+00 1.731459045410156250e+01
9.000000000000000000e+00 6.439472675323486328e+00 1.731459045410156250e+01
9.000000000000000000e+00 6.439472675323486328e+00 1.731459045410156250e+01
9.000000000000000000e+00 6.439472675323486328e+00 1.731459045410156250e+01
9.000000000000000000e+00 6.439472675323486328e+00 1.731459045410156250e+01
1.000000000000000000e+01 6.161766529083251953e+00 1.727675819396972656e+01
1.000000000000000000e+01 6.161766529083251953e+00 1.727675819396972656e+01
1.000000000000000000e+01 6.161766529083251953e+00 1.727675819396972656e+01
1.000000000000000000e+01 6.161766529083251953e+00 1.727675819396972656e+01
1.000000000000000000e+01 6.161766529083251953e+00 1.727675819396972656e+01
1.000000000000000000e+01 6.161766529083251953e+00 1.727675819396972656e+01
1.100000000000000000e+01 5.922150135040283203e+00 1.723140907287597656e+01
1.100000000000000000e+01 5.922150135040283203e+00 1.723140907287597656e+01
1.100000000000000000e+01 5.922150135040283203e+00 1.723140907287597656e+01
1.100000000000000000e+01 5.922150135040283203e+00 1.723140907287597656e+01
1.100000000000000000e+01 5.922150135040283203e+00 1.723140907287597656e+01
1.100000000000000000e+01 5.922150135040283203e+00 1.723140907287597656e+01
1.200000000000000000e+01 5.719999790191650391e+00 1.717772293090820312e+01
1.200000000000000000e+01 5.719999790191650391e+00 1.717772293090820312e+01
1.200000000000000000e+01 5.719999790191650391e+00 1.717772293090820312e+01
1.200000000000000000e+01 5.719999790191650391e+00 1.717772293090820312e+01
1.200000000000000000e+01 5.719999790191650391e+00 1.717772293090820312e+01
1.300000000000000000e+01 5.544109344482421875e+00 1.711474418640136719e+01
1.300000000000000000e+01 5.544109344482421875e+00 1.711474418640136719e+01
1.300000000000000000e+01 5.544109344482421875e+00 1.711474418640136719e+01
1.300000000000000000e+01 5.544109344482421875e+00 1.711474418640136719e+01
1.300000000000000000e+01 5.544109344482421875e+00 1.711474418640136719e+01
1.400000000000000000e+01 5.415536403656005859e+00 1.704214286804199219e+01
1.400000000000000000e+01 5.415536403656005859e+00 1.704214286804199219e+01
1.400000000000000000e+01 5.415536403656005859e+00 1.704214286804199219e+01
1.400000000000000000e+01 5.415536403656005859e+00 1.704214286804199219e+01
1.500000000000000000e+01 5.310934066772460938e+00 1.696098709106445312e+01
1.500000000000000000e+01 5.310934066772460938e+00 1.696098709106445312e+01
1.500000000000000000e+01 5.310934066772460938e+00 1.696098709106445312e+01
1.500000000000000000e+01 5.310934066772460938e+00 1.696098709106445312e+01
1.500000000000000000e+01 5.310934066772460938e+00 1.696098709106445312e+01
1.600000000000000000e+01 5.220786094665527344e+00 1.686833953857421875e+01
1.600000000000000000e+01 5.220786094665527344e+00 1.686833953857421875e+01
1.600000000000000000e+01 5.220786094665527344e+00 1.686833953857421875e+01
1.600000000000000000e+01 5.220786094665527344e+00 1.686833953857421875e+01
1.700000000000000000e+01 5.142432689666748047e+00 1.676308059692382812e+01
1.700000000000000000e+01 5.142432689666748047e+00 1.676308059692382812e+01
1.700000000000000000e+01 5.142432689666748047e+00 1.676308059692382812e+01
1.800000000000000000e+01 5.076611518859863281e+00 1.664414405822753906e+01
1.800000000000000000e+01 5.076611518859863281e+00 1.664414405822753906e+01
1.800000000000000000e+01 5.076611518859863281e+00 1.664414405822753906e+01
1.800000000000000000e+01 5.076611518859863281e+00 1.664414405822753906e+01
1.900000000000000000e+01 5.014714241027832031e+00 1.651111984252929688e+01
1.900000000000000000e+01 5.014714241027832031e+00 1.651111984252929688e+01
1.900000000000000000e+01 5.014714241027832031e+00 1.651111984252929688e+01
2.000000000000000000e+01 4.958461761474609375e+00 1.636255073547363281e+01
2.000000000000000000e+01 4.958461761474609375e+00 1.636255073547363281e+01
2.000000000000000000e+01 4.958461761474609375e+00 1.636255073547363281e+01
2.100000000000000000e+01 4.905620574951171875e+00 1.619813346862792969e+01
2.100000000000000000e+01 4.905620574951171875e+00 1.619813346862792969e+01
2.100000000000000000e+01 4.905620574951171875e+00 1.619813346862792969e+01
2.200000000000000000e+01 4.857224941253662109e+00 1.601688385009765625e+01
2.200000000000000000e+01 4.857224941253662109e+00 1.601688385009765625e+01
2.200000000000000000e+01 4.857224941253662109e+00 1.601688385009765625e+01
2.300000000000000000e+01 4.814008235931396484e+00 1.581836032867431641e+01
2.300000000000000000e+01 4.814008235931396484e+00 1.581836032867431641e+01
2.300000000000000000e+01 4.814008235931396484e+00 1.581836032867431641e+01
2.400000000000000000e+01 4.777299404144287109e+00 1.561464500427246094e+01
2.400000000000000000e+01 4.777299404144287109e+00 1.561464500427246094e+01
2.500000000000000000e+01 4.739778995513916016e+00 1.540387439727783203e+01
2.500000000000000000e+01 4.739778995513916016e+00 1.540387439727783203e+01
2.500000000000000000e+01 4.739778995513916016e+00 1.540387439727783203e+01
2.600000000000000000e+01 4.704635143280029297e+00 1.517818450927734375e+01
2.600000000000000000e+01 4.704635143280029297e+00 1.517818450927734375e+01
2.700000000000000000e+01 4.672276496887207031e+00 1.493724346160888672e+01
2.700000000000000000e+01 4.672276496887207031e+00 1.493724346160888672e+01
2.700000000000000000e+01 4.672276496887207031e+00 1.493724346160888672e+01
2.800000000000000000e+01 4.638407707214355469e+00 1.468672275543212891e+01
2.800000000000000000e+01 4.638407707214355469e+00 1.468672275543212891e+01
2.900000000000000000e+01 4.609191417694091797e+00 1.444664764404296875e+01
2.900000000000000000e+01 4.609191417694091797e+00 1.444664764404296875e+01
3.000000000000000000e+01 4.579679489135742188e+00 1.419934558868408203e+01
3.000000000000000000e+01 4.579679489135742188e+00 1.419934558868408203e+01
3.100000000000000000e+01 4.553195953369140625e+00 1.394591140747070312e+01
3.100000000000000000e+01 4.553195953369140625e+00 1.394591140747070312e+01
3.200000000000000000e+01 4.529402256011962891e+00 1.368470478057861328e+01
3.200000000000000000e+01 4.529402256011962891e+00 1.368470478057861328e+01
3.300000000000000000e+01 4.505316257476806641e+00 1.341569232940673828e+01
3.300000000000000000e+01 4.505316257476806641e+00 1.341569232940673828e+01
3.400000000000000000e+01 4.483343601226806641e+00 1.314029407501220703e+01
3.400000000000000000e+01 4.483343601226806641e+00 1.314029407501220703e+01
3.500000000000000000e+01 4.462312698364257812e+00 1.286007213592529297e+01
3.500000000000000000e+01 4.462312698364257812e+00 1.286007213592529297e+01
3.600000000000000000e+01 4.440674781799316406e+00 1.260655593872070312e+01
3.600000000000000000e+01 4.440674781799316406e+00 1.260655593872070312e+01
3.700000000000000000e+01 4.423854827880859375e+00 1.236806392669677734e+01
3.700000000000000000e+01 4.423854827880859375e+00 1.236806392669677734e+01
3.800000000000000000e+01 4.402702808380126953e+00 1.212404060363769531e+01
3.900000000000000000e+01 4.387698173522949219e+00 1.188416099548339844e+01
3.900000000000000000e+01 4.387698173522949219e+00 1.188416099548339844e+01
4.000000000000000000e+01 4.368307590484619141e+00 1.164191532135009766e+01
4.100000000000000000e+01 4.355139255523681641e+00 1.139524078369140625e+01
4.100000000000000000e+01 4.355139255523681641e+00 1.139524078369140625e+01
4.200000000000000000e+01 4.338050365447998047e+00 1.114485740661621094e+01
4.300000000000000000e+01 4.330612659454345703e+00 1.089327049255371094e+01
4.300000000000000000e+01 4.330612659454345703e+00 1.089327049255371094e+01
4.400000000000000000e+01 4.315778732299804688e+00 1.064111423492431641e+01
4.500000000000000000e+01 4.309735774993896484e+00 1.039413452148437500e+01
4.500000000000000000e+01 4.309735774993896484e+00 1.039413452148437500e+01
4.600000000000000000e+01 4.295225143432617188e+00 1.015348243713378906e+01
4.700000000000000000e+01 4.290369987487792969e+00 9.920670509338378906e+00
4.700000000000000000e+01 4.290369987487792969e+00 9.920670509338378906e+00
4.800000000000000000e+01 4.275804042816162109e+00 9.689838409423828125e+00
4.900000000000000000e+01 4.272750377655029297e+00 9.476190567016601562e+00
5.000000000000000000e+01 4.258246421813964844e+00 9.276242256164550781e+00
5.000000000000000000e+01 4.258246421813964844e+00 9.276242256164550781e+00
5.100000000000000000e+01 4.255652904510498047e+00 9.084500312805175781e+00
5.200000000000000000e+01 4.242056369781494141e+00 8.903141021728515625e+00
5.300000000000000000e+01 4.239782333374023438e+00 8.732136726379394531e+00
5.400000000000000000e+01 4.226179599761962891e+00 8.572110176086425781e+00
5.500000000000000000e+01 4.225804805755615234e+00 8.420060157775878906e+00
5.500000000000000000e+01 4.225804805755615234e+00 8.420060157775878906e+00
5.600000000000000000e+01 4.211151599884033203e+00 8.277956962585449219e+00
5.700000000000000000e+01 4.212703704833984375e+00 8.142584800720214844e+00
5.800000000000000000e+01 4.197396755218505859e+00 8.022119522094726562e+00
5.900000000000000000e+01 4.199837684631347656e+00 7.907528877258300781e+00
6.000000000000000000e+01 4.183846950531005859e+00 7.805472373962402344e+00
6.100000000000000000e+01 4.188279628753662109e+00 7.710535049438476562e+00
6.200000000000000000e+01 4.170616626739501953e+00 7.621795654296875000e+00
6.300000000000000000e+01 4.177133560180664062e+00 7.539991378784179688e+00
6.400000000000000000e+01 4.158763885498046875e+00 7.462774276733398438e+00
6.500000000000000000e+01 4.166352748870849609e+00 7.390223979949951172e+00
6.600000000000000000e+01 4.147758483886718750e+00 7.320550441741943359e+00
6.700000000000000000e+01 4.156439304351806641e+00 7.256296157836914062e+00
6.800000000000000000e+01 4.138032436370849609e+00 7.194250106811523438e+00
6.900000000000000000e+01 4.148059368133544922e+00 7.134570121765136719e+00
7.000000000000000000e+01 4.129439830780029297e+00 7.076633453369140625e+00
7.100000000000000000e+01 4.140336036682128906e+00 7.020398139953613281e+00
7.200000000000000000e+01 4.120893955230712891e+00 6.965560913085937500e+00
7.300000000000000000e+01 4.133814811706542969e+00 6.912497043609619141e+00
7.500000000000000000e+01 4.128957748413085938e+00 6.810708045959472656e+00
7.600000000000000000e+01 4.107139110565185547e+00 6.763709068298339844e+00
7.700000000000000000e+01 4.123311996459960938e+00 6.718069553375244141e+00
7.800000000000000000e+01 4.101112842559814453e+00 6.672880649566650391e+00
7.900000000000000000e+01 4.118317127227783203e+00 6.629776477813720703e+00
8.100000000000000000e+01 4.113068103790283203e+00 6.547218799591064453e+00
8.200000000000000000e+01 4.090719699859619141e+00 6.507022857666015625e+00
8.300000000000000000e+01 4.108251571655273438e+00 6.469096183776855469e+00
8.400000000000000000e+01 4.086288452148437500e+00 6.432748794555664062e+00
8.600000000000000000e+01 4.082594394683837891e+00 6.368515491485595703e+00
8.700000000000000000e+01 4.098474025726318359e+00 6.340022563934326172e+00
8.900000000000000000e+01 4.094192028045654297e+00 6.285550117492675781e+00
9.000000000000000000e+01 4.075125217437744141e+00 6.259314537048339844e+00
9.100000000000000000e+01 4.090396881103515625e+00 6.233540534973144531e+00
9.300000000000000000e+01 4.086471080780029297e+00 6.183972835540771484e+00
9.400000000000000000e+01 4.068845748901367188e+00 6.159904003143310547e+00
9.600000000000000000e+01 4.065759658813476562e+00 6.113174438476562500e+00
9.700000000000000000e+01 4.078845024108886719e+00 6.090397834777832031e+00
9.900000000000000000e+01 4.075278759002685547e+00 6.045661449432373047e+00
1.000000000000000000e+02 4.060158252716064453e+00 6.023690700531005859e+00
1.020000000000000000e+02 4.057618618011474609e+00 5.980450630187988281e+00
1.030000000000000000e+02 4.068523883819580078e+00 5.959202289581298828e+00
1.050000000000000000e+02 4.065335273742675781e+00 5.917448043823242188e+00
1.070000000000000000e+02 4.062299728393554688e+00 5.876667976379394531e+00
1.080000000000000000e+02 4.050398349761962891e+00 5.856748580932617188e+00
1.100000000000000000e+02 4.048226833343505859e+00 5.819268703460693359e+00
1.120000000000000000e+02 4.046337127685546875e+00 5.782823562622070312e+00
1.140000000000000000e+02 4.044501304626464844e+00 5.747127056121826172e+00
1.150000000000000000e+02 4.051855564117431641e+00 5.729511737823486328e+00
1.170000000000000000e+02 4.049610137939453125e+00 5.696369647979736328e+00
1.190000000000000000e+02 4.047492980957031250e+00 5.665777206420898438e+00
1.210000000000000000e+02 4.045504570007324219e+00 5.635812282562255859e+00
1.230000000000000000e+02 4.043528556823730469e+00 5.606513023376464844e+00
1.250000000000000000e+02 4.041631698608398438e+00 5.577900886535644531e+00
1.270000000000000000e+02 4.039787769317626953e+00 5.549985885620117188e+00
1.290000000000000000e+02 4.038303375244140625e+00 5.523815155029296875e+00
1.310000000000000000e+02 4.036838054656982422e+00 5.498377799987792969e+00
1.330000000000000000e+02 4.035421848297119141e+00 5.473689556121826172e+00
1.350000000000000000e+02 4.034084796905517578e+00 5.449332237243652344e+00
1.370000000000000000e+02 4.032771110534667969e+00 5.425886154174804688e+00
1.390000000000000000e+02 4.031465530395507812e+00 5.402583599090576172e+00
1.410000000000000000e+02 4.030153274536132812e+00 5.381188869476318359e+00
1.430000000000000000e+02 4.028930664062500000e+00 5.360137939453125000e+00
1.460000000000000000e+02 4.024158477783203125e+00 5.329771518707275391e+00
1.480000000000000000e+02 4.023206710815429688e+00 5.309949874877929688e+00
1.500000000000000000e+02 4.022114276885986328e+00 5.290954589843750000e+00
1.530000000000000000e+02 4.023019313812255859e+00 5.263390541076660156e+00
1.550000000000000000e+02 4.021944046020507812e+00 5.246311664581298828e+00
1.570000000000000000e+02 4.020895004272460938e+00 5.229623794555664062e+00
1.600000000000000000e+02 4.017377853393554688e+00 5.205139636993408203e+00
1.620000000000000000e+02 4.016474246978759766e+00 5.189177036285400391e+00
1.650000000000000000e+02 4.016983509063720703e+00 5.165567398071289062e+00
1.670000000000000000e+02 4.016046524047851562e+00 5.150113582611083984e+00
1.700000000000000000e+02 4.012941360473632812e+00 5.127366542816162109e+00
1.730000000000000000e+02 4.013245105743408203e+00 5.105062484741210938e+00
1.750000000000000000e+02 4.012403964996337891e+00 5.090604782104492188e+00
1.780000000000000000e+02 4.009596347808837891e+00 5.069629669189453125e+00
1.810000000000000000e+02 4.009874820709228516e+00 5.049199104309082031e+00
1.840000000000000000e+02 4.007222652435302734e+00 5.030114650726318359e+00
1.870000000000000000e+02 4.007737636566162109e+00 5.012107372283935547e+00
1.900000000000000000e+02 4.005181312561035156e+00 4.994771003723144531e+00
1.930000000000000000e+02 4.005822658538818359e+00 4.977574825286865234e+00
1.960000000000000000e+02 4.003347873687744141e+00 4.960915088653564453e+00
1.990000000000000000e+02 4.004058361053466797e+00 4.944623470306396484e+00
2.020000000000000000e+02 4.001587867736816406e+00 4.928495883941650391e+00
2.050000000000000000e+02 4.002333164215087891e+00 4.912797451019287109e+00
2.080000000000000000e+02 3.999973058700561523e+00 4.897267341613769531e+00
2.110000000000000000e+02 4.000712394714355469e+00 4.882352828979492188e+00
2.150000000000000000e+02 3.999645471572875977e+00 4.862964630126953125e+00
2.180000000000000000e+02 3.997337341308593750e+00 4.848585605621337891e+00
2.210000000000000000e+02 3.998066186904907227e+00 4.834563255310058594e+00
2.250000000000000000e+02 3.997037649154663086e+00 4.816640853881835938e+00
2.280000000000000000e+02 3.994818687438964844e+00 4.803646087646484375e+00
2.320000000000000000e+02 3.993879318237304688e+00 4.786818981170654297e+00
2.360000000000000000e+02 3.992928743362426758e+00 4.770999908447265625e+00
2.390000000000000000e+02 3.993677377700805664e+00 4.759424209594726562e+00
2.430000000000000000e+02 3.992692947387695312e+00 4.744458675384521484e+00
2.470000000000000000e+02 3.991760969161987305e+00 4.729907512664794922e+00
2.510000000000000000e+02 3.990801095962524414e+00 4.715807914733886719e+00
2.550000000000000000e+02 3.989864826202392578e+00 4.702797412872314453e+00
2.590000000000000000e+02 3.988995075225830078e+00 4.691061496734619141e+00
2.630000000000000000e+02 3.988124608993530273e+00 4.679428577423095703e+00
2.670000000000000000e+02 3.987245082855224609e+00 4.668079376220703125e+00
2.710000000000000000e+02 3.986417770385742188e+00 4.656693935394287109e+00
2.750000000000000000e+02 3.985620021820068359e+00 4.645706653594970703e+00
2.790000000000000000e+02 3.984978675842285156e+00 4.634796142578125000e+00
2.840000000000000000e+02 3.982989549636840820e+00 4.621251106262207031e+00
2.880000000000000000e+02 3.982378244400024414e+00 4.610906600952148438e+00
2.930000000000000000e+02 3.982919931411743164e+00 4.598429203033447266e+00
2.970000000000000000e+02 3.982348918914794922e+00 4.588610649108886719e+00
3.020000000000000000e+02 3.980367422103881836e+00 4.576649665832519531e+00
3.070000000000000000e+02 3.980974197387695312e+00 4.565423965454101562e+00
3.110000000000000000e+02 3.980430364608764648e+00 4.556705474853515625e+00
3.160000000000000000e+02 3.978489875793457031e+00 4.545814990997314453e+00
3.210000000000000000e+02 3.979125738143920898e+00 4.535492897033691406e+00
3.260000000000000000e+02 3.977230310440063477e+00 4.525555133819580078e+00
3.310000000000000000e+02 3.977840900421142578e+00 4.515818595886230469e+00
3.360000000000000000e+02 3.976000308990478516e+00 4.506313323974609375e+00
3.420000000000000000e+02 3.975286483764648438e+00 4.495223522186279297e+00
3.470000000000000000e+02 3.975898504257202148e+00 4.486299514770507812e+00
3.530000000000000000e+02 3.975183963775634766e+00 4.476689338684082031e+00
3.580000000000000000e+02 3.973481655120849609e+00 4.469283580780029297e+00
3.640000000000000000e+02 3.972824096679687500e+00 4.460669040679931641e+00
3.690000000000000000e+02 3.973366498947143555e+00 4.453641891479492188e+00
3.750000000000000000e+02 3.972697973251342773e+00 4.445453643798828125e+00
3.810000000000000000e+02 3.972061872482299805e+00 4.437545299530029297e+00
3.870000000000000000e+02 3.971441030502319336e+00 4.429810523986816406e+00
3.930000000000000000e+02 3.970830440521240234e+00 4.422583103179931641e+00
3.990000000000000000e+02 3.970244407653808594e+00 4.416238307952880859e+00
4.050000000000000000e+02 3.969667434692382812e+00 4.410145759582519531e+00
4.120000000000000000e+02 3.968190908432006836e+00 4.403272151947021484e+00
4.180000000000000000e+02 3.967690467834472656e+00 4.397512912750244141e+00
4.250000000000000000e+02 3.967889070510864258e+00 4.390972137451171875e+00
4.310000000000000000e+02 3.967387199401855469e+00 4.385538101196289062e+00
4.380000000000000000e+02 3.966092586517333984e+00 4.379329681396484375e+00
4.450000000000000000e+02 3.966269016265869141e+00 4.373279571533203125e+00
4.520000000000000000e+02 3.965062618255615234e+00 4.367388725280761719e+00
4.590000000000000000e+02 3.965209722518920898e+00 4.361701965332031250e+00
4.660000000000000000e+02 3.964071035385131836e+00 4.356072902679443359e+00
4.730000000000000000e+02 3.964211702346801758e+00 4.350876331329345703e+00
4.810000000000000000e+02 3.963662147521972656e+00 4.345251560211181641e+00
4.880000000000000000e+02 3.962619304656982422e+00 4.340412139892578125e+00
4.960000000000000000e+02 3.962127447128295898e+00 4.335106372833251953e+00
5.030000000000000000e+02 3.962233781814575195e+00 4.330578804016113281e+00
5.110000000000000000e+02 3.961746454238891602e+00 4.325457572937011719e+00
5.190000000000000000e+02 3.961271047592163086e+00 4.320477485656738281e+00
5.270000000000000000e+02 3.960820674896240234e+00 4.315666675567626953e+00
5.360000000000000000e+02 3.959854364395141602e+00 4.310426235198974609e+00
5.440000000000000000e+02 3.959439992904663086e+00 4.305909633636474609e+00
5.530000000000000000e+02 3.959429740905761719e+00 4.300920486450195312e+00
5.610000000000000000e+02 3.959034204483032227e+00 4.296653747558593750e+00
5.700000000000000000e+02 3.958195447921752930e+00 4.291929244995117188e+00
5.790000000000000000e+02 3.958190202713012695e+00 4.287439346313476562e+00
5.880000000000000000e+02 3.957422733306884766e+00 4.283050060272216797e+00
5.970000000000000000e+02 3.957409858703613281e+00 4.278800487518310547e+00
6.060000000000000000e+02 3.956704139709472656e+00 4.274681568145751953e+00
6.160000000000000000e+02 3.956327915191650391e+00 4.270277500152587891e+00
6.250000000000000000e+02 3.956313848495483398e+00 4.266450405120849609e+00
6.350000000000000000e+02 3.955954790115356445e+00 4.262324333190917969e+00
6.450000000000000000e+02 3.955606460571289062e+00 4.258352279663085938e+00
6.550000000000000000e+02 3.955277681350708008e+00 4.254492759704589844e+00
6.650000000000000000e+02 3.954958438873291016e+00 4.250742435455322266e+00
6.760000000000000000e+02 3.954393863677978516e+00 4.246969223022460938e+00
6.860000000000000000e+02 3.954116106033325195e+00 4.243664741516113281e+00
6.970000000000000000e+02 3.954032182693481445e+00 4.240343570709228516e+00
7.080000000000000000e+02 3.953545331954956055e+00 4.237134933471679688e+00
7.190000000000000000e+02 3.953465461730957031e+00 4.234006404876708984e+00
7.300000000000000000e+02 3.953025579452514648e+00 4.230929851531982422e+00
7.420000000000000000e+02 3.952761650085449219e+00 4.227663993835449219e+00
7.530000000000000000e+02 3.952690839767456055e+00 4.224779605865478516e+00
7.650000000000000000e+02 3.952440738677978516e+00 4.221748828887939453e+00
7.770000000000000000e+02 3.952205181121826172e+00 4.218786239624023438e+00
7.890000000000000000e+02 3.951982021331787109e+00 4.215906143188476562e+00
8.010000000000000000e+02 3.951769828796386719e+00 4.213112354278564453e+00
8.140000000000000000e+02 3.951439857482910156e+00 4.210214138031005859e+00
8.270000000000000000e+02 3.951346158981323242e+00 4.207412719726562500e+00
8.390000000000000000e+02 3.951167106628417969e+00 4.204854965209960938e+00
8.530000000000000000e+02 3.950968265533447266e+00 4.202009201049804688e+00
8.660000000000000000e+02 3.950711011886596680e+00 4.199437618255615234e+00
8.790000000000000000e+02 3.950630903244018555e+00 4.196964740753173828e+00
8.930000000000000000e+02 3.950463294982910156e+00 4.194384574890136719e+00
9.070000000000000000e+02 3.950304031372070312e+00 4.191880702972412109e+00
9.210000000000000000e+02 3.950153589248657227e+00 4.189443588256835938e+00
9.360000000000000000e+02 3.949946641921997070e+00 4.186891555786132812e+00
9.500000000000000000e+02 3.949816942214965820e+00 4.184620857238769531e+00
9.650000000000000000e+02 3.949734687805175781e+00 4.182226181030273438e+00
9.800000000000000000e+02 3.949566125869750977e+00 4.179933547973632812e+00
9.950000000000000000e+02 3.949492216110229492e+00 4.177692413330078125e+00
1.011000000000000000e+03 3.949374675750732422e+00 4.175351619720458984e+00
1.027000000000000000e+03 3.949264526367187500e+00 4.173097610473632812e+00
1.043000000000000000e+03 3.949162006378173828e+00 4.170927524566650391e+00
1.059000000000000000e+03 3.949064970016479492e+00 4.168833732604980469e+00
1.075000000000000000e+03 3.948975324630737305e+00 4.166843414306640625e+00
1.092000000000000000e+03 3.948862552642822266e+00 4.164731502532958984e+00
1.109000000000000000e+03 3.948804616928100586e+00 4.162693500518798828e+00
1.127000000000000000e+03 3.948722600936889648e+00 4.160632133483886719e+00
1.144000000000000000e+03 3.948632240295410156e+00 4.158738613128662109e+00
1.162000000000000000e+03 3.948562860488891602e+00 4.156830310821533203e+00
1.180000000000000000e+03 3.948498725891113281e+00 4.154937744140625000e+00
1.199000000000000000e+03 3.948452949523925781e+00 4.153005599975585938e+00
1.217000000000000000e+03 3.948396682739257812e+00 4.151252746582031250e+00
1.236000000000000000e+03 3.948328256607055664e+00 4.149445056915283203e+00
1.256000000000000000e+03 3.948275804519653320e+00 4.147619247436523438e+00
1.275000000000000000e+03 3.948242902755737305e+00 4.145943164825439453e+00
1.295000000000000000e+03 3.948197841644287109e+00 4.144306182861328125e+00
1.315000000000000000e+03 3.948155403137207031e+00 4.142914772033691406e+00
1.336000000000000000e+03 3.948107719421386719e+00 4.141511440277099609e+00
1.357000000000000000e+03 3.948079824447631836e+00 4.140180587768554688e+00
1.378000000000000000e+03 3.948038339614868164e+00 4.138896942138671875e+00
1.399000000000000000e+03 3.948014020919799805e+00 4.137655735015869141e+00
1.421000000000000000e+03 3.947983503341674805e+00 4.136408805847167969e+00
1.443000000000000000e+03 3.947958707809448242e+00 4.135175704956054688e+00
1.466000000000000000e+03 3.947925806045532227e+00 4.133941173553466797e+00
1.489000000000000000e+03 3.947907686233520508e+00 4.132745265960693359e+00
1.512000000000000000e+03 3.947882652282714844e+00 4.131592273712158203e+00
1.536000000000000000e+03 3.947862625122070312e+00 4.130445003509521484e+00
1.560000000000000000e+03 3.947844266891479492e+00 4.129369258880615234e+00
1.584000000000000000e+03 3.947827100753784180e+00 4.128291606903076172e+00
1.609000000000000000e+03 3.947816371917724609e+00 4.127215385437011719e+00
1.634000000000000000e+03 3.947797298431396484e+00 4.126187324523925781e+00
1.659000000000000000e+03 3.947789192199707031e+00 4.125180721282958984e+00
1.685000000000000000e+03 3.947776079177856445e+00 4.124178886413574219e+00
1.711000000000000000e+03 3.947765827178955078e+00 4.123192310333251953e+00
1.738000000000000000e+03 3.947753667831420898e+00 4.122193813323974609e+00
1.765000000000000000e+03 3.947746992111206055e+00 4.121219635009765625e+00
1.793000000000000000e+03 3.947737693786621094e+00 4.120223522186279297e+00
1.821000000000000000e+03 3.947730779647827148e+00 4.119250297546386719e+00
1.849000000000000000e+03 3.947723627090454102e+00 4.118295192718505859e+00
1.878000000000000000e+03 3.947715759277343750e+00 4.117341518402099609e+00
1.907000000000000000e+03 3.947712421417236328e+00 4.116432189941406250e+00
1.937000000000000000e+03 3.947707176208496094e+00 4.115513801574707031e+00
1.967000000000000000e+03 3.947701454162597656e+00 4.114608764648437500e+00
1.998000000000000000e+03 3.947698116302490234e+00 4.113700389862060547e+00
2.029000000000000000e+03 3.947696208953857422e+00 4.112834930419921875e+00
2.061000000000000000e+03 3.947693109512329102e+00 4.111948966979980469e+00
2.093000000000000000e+03 3.947689294815063477e+00 4.111091613769531250e+00
2.126000000000000000e+03 3.947688102722167969e+00 4.110235691070556641e+00
2.159000000000000000e+03 3.947686433792114258e+00 4.109414577484130859e+00
2.192000000000000000e+03 3.947685956954956055e+00 4.108621120452880859e+00
2.227000000000000000e+03 3.947684049606323242e+00 4.107818126678466797e+00
2.261000000000000000e+03 3.947684288024902344e+00 4.107065677642822266e+00
2.297000000000000000e+03 3.947682380676269531e+00 4.106298446655273438e+00
2.333000000000000000e+03 3.947681665420532227e+00 4.105576038360595703e+00
2.369000000000000000e+03 3.947681665420532227e+00 4.104923248291015625e+00
2.406000000000000000e+03 3.947680711746215820e+00 4.104268074035644531e+00
2.443000000000000000e+03 3.947679996490478516e+00 4.103647232055664062e+00
2.482000000000000000e+03 3.947679996490478516e+00 4.103027820587158203e+00
2.520000000000000000e+03 3.947680473327636719e+00 4.102433204650878906e+00
2.560000000000000000e+03 3.947679519653320312e+00 4.101830482482910156e+00
2.600000000000000000e+03 3.947679042816162109e+00 4.101258754730224609e+00
2.640000000000000000e+03 3.947678804397583008e+00 4.100717067718505859e+00
2.681000000000000000e+03 3.947679042816162109e+00 4.100192070007324219e+00
2.723000000000000000e+03 3.947677373886108398e+00 4.099681854248046875e+00
2.766000000000000000e+03 3.947678327560424805e+00 4.099184036254882812e+00
2.809000000000000000e+03 3.947676897048950195e+00 4.098707199096679688e+00
2.853000000000000000e+03 3.947678327560424805e+00 4.098243236541748047e+00
2.897000000000000000e+03 3.947677612304687500e+00 4.097812652587890625e+00
2.942000000000000000e+03 3.947677612304687500e+00 4.097390651702880859e+00
2.988000000000000000e+03 3.947677612304687500e+00 4.096985340118408203e+00
3.035000000000000000e+03 3.947677612304687500e+00 4.096594333648681641e+00
3.082000000000000000e+03 3.947677612304687500e+00 4.096214771270751953e+00
3.130000000000000000e+03 3.947676897048950195e+00 4.095842838287353516e+00
3.179000000000000000e+03 3.947676897048950195e+00 4.095480918884277344e+00
3.229000000000000000e+03 3.947676897048950195e+00 4.095129013061523438e+00
3.279000000000000000e+03 3.947676658630371094e+00 4.094797134399414062e+00
3.330000000000000000e+03 3.947677373886108398e+00 4.094476222991943359e+00
3.382000000000000000e+03 3.947677373886108398e+00 4.094164371490478516e+00
3.435000000000000000e+03 3.947677612304687500e+00 4.093862056732177734e+00
3.489000000000000000e+03 3.947677373886108398e+00 4.093570232391357422e+00
3.543000000000000000e+03 3.947677612304687500e+00 4.093292713165283203e+00
3.598000000000000000e+03 3.947677373886108398e+00 4.093023777008056641e+00
3.654000000000000000e+03 3.947676658630371094e+00 4.092763423919677734e+00
3.711000000000000000e+03 3.947676897048950195e+00 4.092500209808349609e+00
3.769000000000000000e+03 3.947676658630371094e+00 4.092245578765869141e+00
3.828000000000000000e+03 3.947677373886108398e+00 4.091998100280761719e+00
3.888000000000000000e+03 3.947677373886108398e+00 4.091761589050292969e+00
3.948000000000000000e+03 3.947676658630371094e+00 4.091536998748779297e+00
4.010000000000000000e+03 3.947677612304687500e+00 4.091318130493164062e+00
4.073000000000000000e+03 3.947677373886108398e+00 4.091109752655029297e+00
4.136000000000000000e+03 3.947677612304687500e+00 4.090915679931640625e+00
4.201000000000000000e+03 3.947677612304687500e+00 4.090728282928466797e+00
4.266000000000000000e+03 3.947677373886108398e+00 4.090553283691406250e+00
4.333000000000000000e+03 3.947676658630371094e+00 4.090385437011718750e+00
4.400000000000000000e+03 3.947677612304687500e+00 4.090226650238037109e+00
4.469000000000000000e+03 3.947677612304687500e+00 4.090073585510253906e+00
4.539000000000000000e+03 3.947677373886108398e+00 4.089931964874267578e+00
4.610000000000000000e+03 3.947677612304687500e+00 4.089796543121337891e+00
4.682000000000000000e+03 3.947676897048950195e+00 4.089668750762939453e+00
4.755000000000000000e+03 3.947676897048950195e+00 4.089550018310546875e+00
4.829000000000000000e+03 3.947677612304687500e+00 4.089437484741210938e+00
4.904000000000000000e+03 3.947677373886108398e+00 4.089331150054931641e+00
4.981000000000000000e+03 3.947677373886108398e+00 4.089231491088867188e+00
5.058000000000000000e+03 3.947677850723266602e+00 4.089137554168701172e+00
5.137000000000000000e+03 3.947677373886108398e+00 4.089048862457275391e+00
5.217000000000000000e+03 3.947677373886108398e+00 4.088966369628906250e+00
5.299000000000000000e+03 3.947677373886108398e+00 4.088886260986328125e+00
5.381000000000000000e+03 3.947677612304687500e+00 4.088814735412597656e+00
5.465000000000000000e+03 3.947677850723266602e+00 4.088747024536132812e+00
5.551000000000000000e+03 3.947677373886108398e+00 4.088681221008300781e+00
5.637000000000000000e+03 3.947677373886108398e+00 4.088622570037841797e+00
5.725000000000000000e+03 3.947676897048950195e+00 4.088567256927490234e+00
5.814000000000000000e+03 3.947677373886108398e+00 4.088514804840087891e+00
5.905000000000000000e+03 3.947677373886108398e+00 4.088468551635742188e+00
5.997000000000000000e+03 3.947676658630371094e+00 4.088423252105712891e+00
6.091000000000000000e+03 3.947677373886108398e+00 4.088382720947265625e+00
6.186000000000000000e+03 3.947676658630371094e+00 4.088344097137451172e+00
6.282000000000000000e+03 3.947676658630371094e+00 4.088307380676269531e+00
6.380000000000000000e+03 3.947676420211791992e+00 4.088274955749511719e+00
6.480000000000000000e+03 3.947677373886108398e+00 4.088244915008544922e+00
6.581000000000000000e+03 3.947677373886108398e+00 4.088216304779052734e+00
6.684000000000000000e+03 3.947676897048950195e+00 4.088190078735351562e+00
6.788000000000000000e+03 3.947677850723266602e+00 4.088167190551757812e+00
6.894000000000000000e+03 3.947677373886108398e+00 4.088144779205322266e+00
7.001000000000000000e+03 3.947677850723266602e+00 4.088124752044677734e+00
7.111000000000000000e+03 3.947676897048950195e+00 4.088107585906982422e+00
7.222000000000000000e+03 3.947677373886108398e+00 4.088091373443603516e+00
7.334000000000000000e+03 3.947677373886108398e+00 4.088076591491699219e+00
7.449000000000000000e+03 3.947677612304687500e+00 4.088065147399902344e+00
7.565000000000000000e+03 3.947677373886108398e+00 4.088052749633789062e+00
7.683000000000000000e+03 3.947676658630371094e+00 4.088041305541992188e+00
7.803000000000000000e+03 3.947676897048950195e+00 4.088031768798828125e+00
7.924000000000000000e+03 3.947677373886108398e+00 4.088022232055664062e+00
8.048000000000000000e+03 3.947676658630371094e+00 4.088015079498291016e+00
8.174000000000000000e+03 3.947677373886108398e+00 4.088007926940917969e+00
8.301000000000000000e+03 3.947677373886108398e+00 4.088003635406494141e+00
8.431000000000000000e+03 3.947677373886108398e+00 4.087998390197753906e+00
8.562000000000000000e+03 3.947676897048950195e+00 4.087994575500488281e+00
8.696000000000000000e+03 3.947676420211791992e+00 4.087993144989013672e+00
8.831000000000000000e+03 3.947676897048950195e+00 4.087990283966064453e+00
8.969000000000000000e+03 3.947676658630371094e+00 4.087989330291748047e+00
9.109000000000000000e+03 3.947676658630371094e+00 4.087988376617431641e+00
9.251000000000000000e+03 3.947676658630371094e+00 4.087986946105957031e+00
9.395000000000000000e+03 3.947676658630371094e+00 4.087987899780273438e+00
9.542000000000000000e+03 3.947676658630371094e+00 4.087986946105957031e+00
9.691000000000000000e+03 3.947676420211791992e+00 4.087986946105957031e+00
9.842000000000000000e+03 3.947676420211791992e+00 4.087986469268798828e+00
9.996000000000000000e+03 3.947676897048950195e+00 4.087986469268798828e+00
1.015200000000000000e+04 3.947677373886108398e+00 4.087987422943115234e+00
1.031000000000000000e+04 3.947676897048950195e+00 4.087985992431640625e+00
1.047100000000000000e+04 3.947677373886108398e+00 4.087986469268798828e+00
1.063400000000000000e+04 3.947676897048950195e+00 4.087985992431640625e+00
1.080000000000000000e+04 3.947677373886108398e+00 4.087985992431640625e+00
1.096800000000000000e+04 3.947677373886108398e+00 4.087985515594482422e+00
1.114000000000000000e+04 3.947677373886108398e+00 4.087985515594482422e+00
1.131300000000000000e+04 3.947676897048950195e+00 4.087985038757324219e+00
1.149000000000000000e+04 3.947676897048950195e+00 4.087985515594482422e+00
1.166900000000000000e+04 3.947676897048950195e+00 4.087984561920166016e+00
1.185100000000000000e+04 3.947676897048950195e+00 4.087985038757324219e+00
1.203600000000000000e+04 3.947676897048950195e+00 4.087983608245849609e+00
1.222400000000000000e+04 3.947677373886108398e+00 4.087982654571533203e+00
1.241400000000000000e+04 3.947676897048950195e+00 4.087983131408691406e+00
1.260800000000000000e+04 3.947676897048950195e+00 4.087983131408691406e+00
1.280500000000000000e+04 3.947676897048950195e+00 4.087982654571533203e+00
1.300500000000000000e+04 3.947676897048950195e+00 4.087982654571533203e+00
1.320700000000000000e+04 3.947677373886108398e+00 4.087983608245849609e+00
1.341300000000000000e+04 3.947676420211791992e+00 4.087982654571533203e+00
1.362300000000000000e+04 3.947677373886108398e+00 4.087982654571533203e+00
1.383500000000000000e+04 3.947676897048950195e+00 4.087982654571533203e+00
1.405100000000000000e+04 3.947676897048950195e+00 4.087981700897216797e+00
1.427000000000000000e+04 3.947676897048950195e+00 4.087982177734375000e+00
1.449300000000000000e+04 3.947677373886108398e+00 4.087982177734375000e+00
1.471900000000000000e+04 3.947676658630371094e+00 4.087981700897216797e+00
1.494900000000000000e+04 3.947677373886108398e+00 4.087982177734375000e+00
1.518200000000000000e+04 3.947677373886108398e+00 4.087982177734375000e+00
1.541900000000000000e+04 3.947677373886108398e+00 4.087981700897216797e+00
1.565900000000000000e+04 3.947677373886108398e+00 4.087980747222900391e+00
1.590300000000000000e+04 3.947676658630371094e+00 4.087980747222900391e+00
1.615100000000000000e+04 3.947677373886108398e+00 4.087980270385742188e+00
1.640300000000000000e+04 3.947677373886108398e+00 4.087980270385742188e+00
1.665900000000000000e+04 3.947676658630371094e+00 4.087980270385742188e+00
1.691900000000000000e+04 3.947677373886108398e+00 4.087980270385742188e+00
1.718300000000000000e+04 3.947677373886108398e+00 4.087980747222900391e+00
1.745100000000000000e+04 3.947677373886108398e+00 4.087980747222900391e+00
1.772300000000000000e+04 3.947676658630371094e+00 4.087980270385742188e+00
1.800000000000000000e+04 3.947677373886108398e+00 4.087980270385742188e+00
1.828100000000000000e+04 3.947677373886108398e+00 4.087980270385742188e+00
1.856600000000000000e+04 3.947677373886108398e+00 4.087980270385742188e+00
1.885600000000000000e+04 3.947676658630371094e+00 4.087980270385742188e+00
1.915000000000000000e+04 3.947676658630371094e+00 4.087980270385742188e+00
1.944800000000000000e+04 3.947677373886108398e+00 4.087980270385742188e+00
1.975200000000000000e+04 3.947676658630371094e+00 4.087980747222900391e+00
2.006000000000000000e+04 3.947676658630371094e+00 4.087980747222900391e+00
2.037300000000000000e+04 3.947677373886108398e+00 4.087980747222900391e+00
2.069100000000000000e+04 3.947677373886108398e+00 4.087980747222900391e+00
2.101300000000000000e+04 3.947677373886108398e+00 4.087980747222900391e+00
2.134100000000000000e+04 3.947676658630371094e+00 4.087980747222900391e+00
2.167400000000000000e+04 3.947677373886108398e+00 4.087980747222900391e+00
2.201200000000000000e+04 3.947677373886108398e+00 4.087980747222900391e+00
2.235600000000000000e+04 3.947676658630371094e+00 4.087980747222900391e+00
2.270400000000000000e+04 3.947677373886108398e+00 4.087980747222900391e+00
2.305900000000000000e+04 3.947677373886108398e+00 4.087980747222900391e+00
2.341800000000000000e+04 3.947676658630371094e+00 4.087980747222900391e+00
2.378400000000000000e+04 3.947677373886108398e+00 4.087980747222900391e+00
2.415500000000000000e+04 3.947677373886108398e+00 4.087980747222900391e+00
2.453100000000000000e+04 3.947677373886108398e+00 4.087980747222900391e+00
2.491400000000000000e+04 3.947676897048950195e+00 4.087980747222900391e+00
2.530300000000000000e+04 3.947677373886108398e+00 4.087980270385742188e+00
2.569700000000000000e+04 3.947677373886108398e+00 4.087980747222900391e+00
2.609800000000000000e+04 3.947677373886108398e+00 4.087980270385742188e+00
2.650500000000000000e+04 3.947677373886108398e+00 4.087980747222900391e+00
2.691900000000000000e+04 3.947676658630371094e+00 4.087980270385742188e+00
2.733900000000000000e+04 3.947677373886108398e+00 4.087980747222900391e+00
2.776500000000000000e+04 3.947677373886108398e+00 4.087980747222900391e+00
2.819800000000000000e+04 3.947677373886108398e+00 4.087981224060058594e+00
2.863800000000000000e+04 3.947677373886108398e+00 4.087980747222900391e+00
2.908500000000000000e+04 3.947677373886108398e+00 4.087980747222900391e+00
2.953900000000000000e+04 3.947677373886108398e+00 4.087980747222900391e+00
3.000000000000000000e+04 3.947676658630371094e+00 4.087981224060058594e+00
3.046800000000000000e+04 3.947677373886108398e+00 4.087980747222900391e+00
3.094300000000000000e+04 3.947677373886108398e+00 4.087980747222900391e+00
3.142600000000000000e+04 3.947676420211791992e+00 4.087981224060058594e+00
3.191600000000000000e+04 3.947676658630371094e+00 4.087980747222900391e+00
3.241400000000000000e+04 3.947676658630371094e+00 4.087980270385742188e+00
3.291900000000000000e+04 3.947677373886108398e+00 4.087981224060058594e+00
3.343300000000000000e+04 3.947677373886108398e+00 4.087980747222900391e+00
3.395400000000000000e+04 3.947677373886108398e+00 4.087981224060058594e+00
3.448400000000000000e+04 3.947677373886108398e+00 4.087981224060058594e+00
3.502200000000000000e+04 3.947676658630371094e+00 4.087981224060058594e+00
3.556800000000000000e+04 3.947677373886108398e+00 4.087980747222900391e+00
3.612300000000000000e+04 3.947677373886108398e+00 4.087980747222900391e+00
3.668700000000000000e+04 3.947677373886108398e+00 4.087980747222900391e+00
3.725900000000000000e+04 3.947676658630371094e+00 4.087980747222900391e+00
3.784000000000000000e+04 3.947677373886108398e+00 4.087980747222900391e+00
3.843000000000000000e+04 3.947677373886108398e+00 4.087980747222900391e+00
3.903000000000000000e+04 3.947677373886108398e+00 4.087980747222900391e+00
3.963900000000000000e+04 3.947676658630371094e+00 4.087980747222900391e+00
4.025700000000000000e+04 3.947676897048950195e+00 4.087980747222900391e+00
4.088500000000000000e+04 3.947676658630371094e+00 4.087980747222900391e+00
4.152300000000000000e+04 3.947677373886108398e+00 4.087981224060058594e+00
4.217100000000000000e+04 3.947677373886108398e+00 4.087981700897216797e+00
4.282800000000000000e+04 3.947677373886108398e+00 4.087981224060058594e+00
4.349700000000000000e+04 3.947677373886108398e+00 4.087980747222900391e+00
4.417500000000000000e+04 3.947676658630371094e+00 4.087980747222900391e+00
4.486400000000000000e+04 3.947677373886108398e+00 4.087981700897216797e+00
4.556400000000000000e+04 3.947677373886108398e+00 4.087980747222900391e+00
4.627500000000000000e+04 3.947677373886108398e+00 4.087980270385742188e+00
4.699700000000000000e+04 3.947677373886108398e+00 4.087980270385742188e+00
4.773000000000000000e+04 3.947677373886108398e+00 4.087980747222900391e+00
4.847400000000000000e+04 3.947676658630371094e+00 4.087980747222900391e+00
4.923100000000000000e+04 3.947676420211791992e+00 4.087980270385742188e+00
4.999900000000000000e+04 3.947677373886108398e+00 4.087981224060058594e+00
