t risk
1.000000000000000000e+00 1.438076400756835938e+01
1.000000000000000000e+00 1.438076400756835938e+01
1.000000000000000000e+00 1.438076400756835938e+01
1.000000000000000000e+00 1.438076400756835938e+01
1.000000000000000000e+00 1.438076400756835938e+01
1.000000000000000000e+00 1.438076400756835938e+01
1.000000000000000000e+00 1.438076400756835938e+01
1.000000000000000000e+00 1.438076400756835938e+01
1.000000000000000000e+00 1.438076400756835938e+01
1.000000000000000000e+00 1.438076400756835938e+01
1.000000000000000000e+00 1.438076400756835938e+01
1.000000000000000000e+00 1.438076400756835938e+01
1.000000000000000000e+00 1.438076400756835938e+01
1.000000000000000000e+00 1.438076400756835938e+01
1.000000000000000000e+00 1.438076400756835938e+01
1.000000000000000000e+00 1.438076400756835938e+01
1.000000000000000000e+00 1.438076400756835938e+01
1.000000000000000000e+00 1.438076400756835938e+01
1.000000000000000000e+00 1.438076400756835938e+01
1.000000000000000000e+00 1.438076400756835938e+01
1.000000000000000000e+00 1.438076400756835938e+01
1.000000000000000000e+00 1.438076400756835938e+01
1.000000000000000000e+00 1.438076400756835938e+01
1.000000000000000000e+00 1.438076400756835938e+01
1.000000000000000000e+00 1.438076400756835938e+01
1.000000000000000000e+00 1.438076400756835938e+01
1.000000000000000000e+00 1.438076400756835938e+01
1.000000000000000000e+00 1.438076400756835938e+01
1.000000000000000000e+00 1.438076400756835938e+01
1.000000000000000000e+00 1.438076400756835938e+01
1.000000000000000000e+00 1.438076400756835938e+01
1.000000000000000000e+00 1.438076400756835938e+01
1.000000000000000000e+00 1.438076400756835938e+01
1.000000000000000000e+00 1.438076400756835938e+01
1.000000000000000000e+00 1.438076400756835938e+01
1.000000000000000000e+00 1.438076400756835938e+01
1.000000000000000000e+00 1.438076400756835938e+01
1.000000000000000000e+00 1.438076400756835938e+01
1.000000000000000000e+00 1.438076400756835938e+01
1.000000000000000000e+00 1.438076400756835938e+01
1.000000000000000000e+00 1.438076400756835938e+01
1.000000000000000000e+00 1.438076400756835938e+01
1.000000000000000000e+00 1.438076400756835938e+01
1.000000000000000000e+00 1.438076400756835938e+01
1.000000000000000000e+00 1.438076400756835938e+01
2.000000000000000000e+00 1.337991809844970703e+01
2.000000000000000000e+00 1.337991809844970703e+01
2.000000000000000000e+00 1.337991809844970703e+01
2.000000000000000000e+00 1.337991809844970703e+01
2.000000000000000000e+00 1.337991809844970703e+01
2.000000000000000000e+00 1.337991809844970703e+01
2.000000000000000000e+00 1.337991809844970703e+01
2.000000000000000000e+00 1.337991809844970703e+01
2.000000000000000000e+00 1.337991809844970703e+01
2.000000000000000000e+00 1.337991809844970703e+01
2.000000000000000000e+00 1.337991809844970703e+01
2.000000000000000000e+00 1.337991809844970703e+01
2.000000000000000000e+00 1.337991809844970703e+01
2.000000000000000000e+00 1.337991809844970703e+01
2.000000000000000000e+00 1.337991809844970703e+01
2.000000000000000000e+00 1.337991809844970703e+01
2.000000000000000000e+00 1.337991809844970703e+01
2.000000000000000000e+00 1.337991809844970703e+01
2.000000000000000000e+00 1.337991809844970703e+01
2.000000000000000000e+00 1.337991809844970703e+01
2.000000000000000000e+00 1.337991809844970703e+01
2.000000000000000000e+00 1.337991809844970703e+01
2.000000000000000000e+00 1.337991809844970703e+01
2.000000000000000000e+00 1.337991809844970703e+01
2.000000000000000000e+00 1.337991809844970703e+01
2.000000000000000000e+00 1.337991809844970703e+01
3.000000000000000000e+00 1.234677219390869141e+01
3.000000000000000000e+00 1.234677219390869141e+01
3.000000000000000000e+00 1.234677219390869141e+01
3.000000000000000000e+00 1.234677219390869141e+01
3.000000000000000000e+00 1.234677219390869141e+01
3.000000000000000000e+00 1.234677219390869141e+01
3.000000000000000000e+00 1.234677219390869141e+01
3.000000000000000000e+00 1.234677219390869141e+01
3.000000000000000000e+00 1.234677219390869141e+01
3.000000000000000000e+00 1.234677219390869141e+01
3.000000000000000000e+00 1.234677219390869141e+01
3.000000000000000000e+00 1.234677219390869141e+01
3.000000000000000000e+00 1.234677219390869141e+01
3.000000000000000000e+00 1.234677219390869141e+01
3.000000000000000000e+00 1.234677219390869141e+01
3.000000000000000000e+00 1.234677219390869141e+01
3.000000000000000000e+00 1.234677219390869141e+01
3.000000000000000000e+00 1.234677219390869141e+01
3.000000000000000000e+00 1.234677219390869141e+01
4.000000000000000000e+00 1.159697055816650391e+01
4.000000000000000000e+00 1.159697055816650391e+01
4.000000000000000000e+00 1.159697055816650391e+01
4.000000000000000000e+00 1.159697055816650391e+01
4.000000000000000000e+00 1.159697055816650391e+01
4.000000000000000000e+00 1.159697055816650391e+01
4.000000000000000000e+00 1.159697055816650391e+01
4.000000000000000000e+00 1.159697055816650391e+01
4.000000000000000000e+00 1.159697055816650391e+01
4.000000000000000000e+00 1.159697055816650391e+01
4.000000000000000000e+00 1.159697055816650391e+01
4.000000000000000000e+00 1.159697055816650391e+01
4.000000000000000000e+00 1.159697055816650391e+01
4.000000000000000000e+00 1.159697055816650391e+01
5.000000000000000000e+00 1.091317462921142578e+01
5.000000000000000000e+00 1.091317462921142578e+01
5.000000000000000000e+00 1.091317462921142578e+01
5.000000000000000000e+00 1.091317462921142578e+01
5.000000000000000000e+00 1.091317462921142578e+01
5.000000000000000000e+00 1.091317462921142578e+01
5.000000000000000000e+00 1.091317462921142578e+01
5.000000000000000000e+00 1.091317462921142578e+01
5.000000000000000000e+00 1.091317462921142578e+01
5.000000000000000000e+00 1.091317462921142578e+01
5.000000000000000000e+00 1.091317462921142578e+01
5.000000000000000000e+00 1.091317462921142578e+01
6.000000000000000000e+00 1.036351776123046875e+01
6.000000000000000000e+00 1.036351776123046875e+01
6.000000000000000000e+00 1.036351776123046875e+01
6.000000000000000000e+00 1.036351776123046875e+01
6.000000000000000000e+00 1.036351776123046875e+01
6.000000000000000000e+00 1.036351776123046875e+01
6.000000000000000000e+00 1.036351776123046875e+01
6.000000000000000000e+00 1.036351776123046875e+01
6.000000000000000000e+00 1.036351776123046875e+01
6.000000000000000000e+00 1.036351776123046875e+01
7.000000000000000000e+00 9.874293327331542969e+00
7.000000000000000000e+00 9.874293327331542969e+00
7.000000000000000000e+00 9.874293327331542969e+00
7.000000000000000000e+00 9.874293327331542969e+00
7.000000000000000000e+00 9.874293327331542969e+00
7.000000000000000000e+00 9.874293327331542969e+00
7.000000000000000000e+00 9.874293327331542969e+00
7.000000000000000000e+00 9.874293327331542969e+00
7.000000000000000000e+00 9.874293327331542969e+00
8.000000000000000000e+00 9.472336769104003906e+00
8.000000000000000000e+00 9.472336769104003906e+00
8.000000000000000000e+00 9.472336769104003906e+00
8.000000000000000000e+00 9.472336769104003906e+00
8.000000000000000000e+00 9.472336769104003906e+00
8.000000000000000000e+00 9.472336769104003906e+00
8.000000000000000000e+00 9.472336769104003906e+00
9.000000000000000000e+00 9.128513336181640625e+00
9.000000000000000000e+00 9.128513336181640625e+00
9.000000000000000000e+00 9.128513336181640625e+00
9.000000000000000000e+00 9.128513336181640625e+00
9.000000000000000000e+00 9.128513336181640625e+00
9.000000000000000000e+00 9.128513336181640625e+00
9.000000000000000000e+00 9.128513336181640625e+00
1.000000000000000000e+01 8.834310531616210938e+00
1.000000000000000000e+01 8.834310531616210938e+00
1.000000000000000000e+01 8.834310531616210938e+00
1.000000000000000000e+01 8.834310531616210938e+00
1.000000000000000000e+01 8.834310531616210938e+00
1.000000000000000000e+01 8.834310531616210938e+00
1.100000000000000000e+01 8.576214790344238281e+00
1.100000000000000000e+01 8.576214790344238281e+00
1.100000000000000000e+01 8.576214790344238281e+00
1.100000000000000000e+01 8.576214790344238281e+00
1.100000000000000000e+01 8.576214790344238281e+00
1.100000000000000000e+01 8.576214790344238281e+00
1.200000000000000000e+01 8.371006011962890625e+00
1.200000000000000000e+01 8.371006011962890625e+00
1.200000000000000000e+01 8.371006011962890625e+00
1.200000000000000000e+01 8.371006011962890625e+00
1.200000000000000000e+01 8.371006011962890625e+00
1.300000000000000000e+01 8.213033676147460938e+00
1.300000000000000000e+01 8.213033676147460938e+00
1.300000000000000000e+01 8.213033676147460938e+00
1.300000000000000000e+01 8.213033676147460938e+00
1.300000000000000000e+01 8.213033676147460938e+00
1.400000000000000000e+01 8.080593109130859375e+00
1.400000000000000000e+01 8.080593109130859375e+00
1.400000000000000000e+01 8.080593109130859375e+00
1.400000000000000000e+01 8.080593109130859375e+00
1.500000000000000000e+01 7.974518299102783203e+00
1.500000000000000000e+01 7.974518299102783203e+00
1.500000000000000000e+01 7.974518299102783203e+00
1.500000000000000000e+01 7.974518299102783203e+00
1.500000000000000000e+01 7.974518299102783203e+00
1.600000000000000000e+01 7.881999492645263672e+00
1.600000000000000000e+01 7.881999492645263672e+00
1.600000000000000000e+01 7.881999492645263672e+00
1.600000000000000000e+01 7.881999492645263672e+00
1.700000000000000000e+01 7.796376228332519531e+00
1.700000000000000000e+01 7.796376228332519531e+00
1.700000000000000000e+01 7.796376228332519531e+00
1.800000000000000000e+01 7.716214179992675781e+00
1.800000000000000000e+01 7.716214179992675781e+00
1.800000000000000000e+01 7.716214179992675781e+00
1.800000000000000000e+01 7.716214179992675781e+00
1.900000000000000000e+01 7.640907764434814453e+00
1.900000000000000000e+01 7.640907764434814453e+00
1.900000000000000000e+01 7.640907764434814453e+00
2.000000000000000000e+01 7.570001125335693359e+00
2.000000000000000000e+01 7.570001125335693359e+00
2.000000000000000000e+01 7.570001125335693359e+00
2.100000000000000000e+01 7.503133773803710938e+00
2.100000000000000000e+01 7.503133773803710938e+00
2.100000000000000000e+01 7.503133773803710938e+00
2.200000000000000000e+01 7.440710544586181641e+00
2.200000000000000000e+01 7.440710544586181641e+00
2.200000000000000000e+01 7.440710544586181641e+00
2.300000000000000000e+01 7.384927749633789062e+00
2.300000000000000000e+01 7.384927749633789062e+00
2.300000000000000000e+01 7.384927749633789062e+00
2.400000000000000000e+01 7.331733226776123047e+00
2.400000000000000000e+01 7.331733226776123047e+00
2.500000000000000000e+01 7.282754421234130859e+00
2.500000000000000000e+01 7.282754421234130859e+00
2.500000000000000000e+01 7.282754421234130859e+00
2.600000000000000000e+01 7.236928939819335938e+00
2.600000000000000000e+01 7.236928939819335938e+00
2.700000000000000000e+01 7.193048477172851562e+00
2.700000000000000000e+01 7.193048477172851562e+00
2.700000000000000000e+01 7.193048477172851562e+00
2.800000000000000000e+01 7.151742935180664062e+00
2.800000000000000000e+01 7.151742935180664062e+00
2.900000000000000000e+01 7.111843109130859375e+00
2.900000000000000000e+01 7.111843109130859375e+00
3.000000000000000000e+01 7.075678825378417969e+00
3.000000000000000000e+01 7.075678825378417969e+00
3.100000000000000000e+01 7.041268348693847656e+00
3.100000000000000000e+01 7.041268348693847656e+00
3.200000000000000000e+01 7.007984638214111328e+00
3.200000000000000000e+01 7.007984638214111328e+00
3.300000000000000000e+01 6.975589752197265625e+00
3.300000000000000000e+01 6.975589752197265625e+00
3.400000000000000000e+01 6.944121837615966797e+00
3.400000000000000000e+01 6.944121837615966797e+00
3.500000000000000000e+01 6.913587570190429688e+00
3.500000000000000000e+01 6.913587570190429688e+00
3.600000000000000000e+01 6.883860588073730469e+00
3.600000000000000000e+01 6.883860588073730469e+00
3.700000000000000000e+01 6.854962825775146484e+00
3.700000000000000000e+01 6.854962825775146484e+00
3.800000000000000000e+01 6.826908111572265625e+00
3.900000000000000000e+01 6.800079822540283203e+00
3.900000000000000000e+01 6.800079822540283203e+00
4.000000000000000000e+01 6.774300098419189453e+00
4.100000000000000000e+01 6.750337600708007812e+00
4.100000000000000000e+01 6.750337600708007812e+00
4.200000000000000000e+01 6.726942539215087891e+00
4.300000000000000000e+01 6.704092502593994141e+00
4.300000000000000000e+01 6.704092502593994141e+00
4.400000000000000000e+01 6.682199478149414062e+00
4.500000000000000000e+01 6.661122322082519531e+00
4.500000000000000000e+01 6.661122322082519531e+00
4.600000000000000000e+01 6.640666961669921875e+00
4.700000000000000000e+01 6.620509624481201172e+00
4.700000000000000000e+01 6.620509624481201172e+00
4.800000000000000000e+01 6.600954055786132812e+00
4.900000000000000000e+01 6.581908702850341797e+00
5.000000000000000000e+01 6.563891410827636719e+00
5.000000000000000000e+01 6.563891410827636719e+00
5.100000000000000000e+01 6.546267032623291016e+00
5.200000000000000000e+01 6.529020309448242188e+00
5.300000000000000000e+01 6.512137889862060547e+00
5.400000000000000000e+01 6.495611667633056641e+00
5.500000000000000000e+01 6.479419708251953125e+00
5.500000000000000000e+01 6.479419708251953125e+00
5.600000000000000000e+01 6.464259147644042969e+00
5.700000000000000000e+01 6.449778556823730469e+00
5.800000000000000000e+01 6.435631275177001953e+00
5.900000000000000000e+01 6.421752929687500000e+00
6.000000000000000000e+01 6.408161163330078125e+00
6.100000000000000000e+01 6.394978523254394531e+00
6.200000000000000000e+01 6.381944179534912109e+00
6.300000000000000000e+01 6.369259834289550781e+00
6.400000000000000000e+01 6.356846332550048828e+00
6.500000000000000000e+01 6.344586372375488281e+00
6.600000000000000000e+01 6.332724094390869141e+00
6.700000000000000000e+01 6.321005821228027344e+00
6.800000000000000000e+01 6.309618949890136719e+00
6.900000000000000000e+01 6.298410415649414062e+00
7.000000000000000000e+01 6.287521362304687500e+00
7.100000000000000000e+01 6.276783943176269531e+00
7.200000000000000000e+01 6.266293525695800781e+00
7.300000000000000000e+01 6.256025791168212891e+00
7.500000000000000000e+01 6.236104011535644531e+00
7.600000000000000000e+01 6.226534366607666016e+00
7.700000000000000000e+01 6.217039108276367188e+00
7.800000000000000000e+01 6.207905292510986328e+00
7.900000000000000000e+01 6.198845863342285156e+00
8.100000000000000000e+01 6.181339263916015625e+00
8.200000000000000000e+01 6.172915458679199219e+00
8.300000000000000000e+01 6.164588451385498047e+00
8.400000000000000000e+01 6.156498432159423828e+00
8.600000000000000000e+01 6.140808105468750000e+00
8.700000000000000000e+01 6.133759975433349609e+00
8.900000000000000000e+01 6.120080471038818359e+00
9.000000000000000000e+01 6.114126205444335938e+00
9.100000000000000000e+01 6.108548164367675781e+00
9.300000000000000000e+01 6.097558021545410156e+00
9.400000000000000000e+01 6.092210292816162109e+00
9.600000000000000000e+01 6.082197189331054688e+00
9.700000000000000000e+01 6.077353000640869141e+00
9.900000000000000000e+01 6.068027496337890625e+00
1.000000000000000000e+02 6.063436985015869141e+00
1.020000000000000000e+02 6.054609298706054688e+00
1.030000000000000000e+02 6.050254344940185547e+00
1.050000000000000000e+02 6.041850566864013672e+00
1.070000000000000000e+02 6.033820152282714844e+00
1.080000000000000000e+02 6.029910087585449219e+00
1.100000000000000000e+02 6.022306919097900391e+00
1.120000000000000000e+02 6.014960765838623047e+00
1.140000000000000000e+02 6.007877826690673828e+00
1.150000000000000000e+02 6.004446029663085938e+00
1.170000000000000000e+02 5.997709751129150391e+00
1.190000000000000000e+02 5.991206169128417969e+00
1.210000000000000000e+02 5.984911918640136719e+00
1.230000000000000000e+02 5.978820323944091797e+00
1.250000000000000000e+02 5.972932815551757812e+00
1.270000000000000000e+02 5.967229843139648438e+00
1.290000000000000000e+02 5.961709976196289062e+00
1.310000000000000000e+02 5.956370353698730469e+00
1.330000000000000000e+02 5.951189517974853516e+00
1.350000000000000000e+02 5.946169376373291016e+00
1.370000000000000000e+02 5.941319465637207031e+00
1.390000000000000000e+02 5.936622142791748047e+00
1.410000000000000000e+02 5.932077407836914062e+00
1.430000000000000000e+02 5.927639007568359375e+00
1.460000000000000000e+02 5.921270847320556641e+00
1.480000000000000000e+02 5.917172431945800781e+00
1.500000000000000000e+02 5.913194656372070312e+00
1.530000000000000000e+02 5.907453060150146484e+00
1.550000000000000000e+02 5.903791427612304688e+00
1.570000000000000000e+02 5.900213718414306641e+00
1.600000000000000000e+02 5.895037174224853516e+00
1.620000000000000000e+02 5.891715049743652344e+00
1.650000000000000000e+02 5.886924266815185547e+00
1.670000000000000000e+02 5.883828163146972656e+00
1.700000000000000000e+02 5.879356861114501953e+00
1.730000000000000000e+02 5.875069141387939453e+00
1.750000000000000000e+02 5.872303009033203125e+00
1.780000000000000000e+02 5.868332386016845703e+00
1.810000000000000000e+02 5.864516735076904297e+00
1.840000000000000000e+02 5.860836982727050781e+00
1.870000000000000000e+02 5.857294082641601562e+00
1.900000000000000000e+02 5.853900909423828125e+00
1.930000000000000000e+02 5.850666522979736328e+00
1.960000000000000000e+02 5.847536563873291016e+00
1.990000000000000000e+02 5.844525337219238281e+00
2.020000000000000000e+02 5.841627120971679688e+00
2.050000000000000000e+02 5.838846206665039062e+00
2.080000000000000000e+02 5.836142539978027344e+00
2.110000000000000000e+02 5.833569526672363281e+00
2.150000000000000000e+02 5.830259799957275391e+00
2.180000000000000000e+02 5.827904224395751953e+00
2.210000000000000000e+02 5.825625419616699219e+00
2.250000000000000000e+02 5.822687149047851562e+00
2.280000000000000000e+02 5.820598602294921875e+00
2.320000000000000000e+02 5.817904472351074219e+00
2.360000000000000000e+02 5.815339565277099609e+00
2.390000000000000000e+02 5.813470363616943359e+00
2.430000000000000000e+02 5.811109542846679688e+00
2.470000000000000000e+02 5.808844566345214844e+00
2.510000000000000000e+02 5.806679248809814453e+00
2.550000000000000000e+02 5.804600238800048828e+00
2.590000000000000000e+02 5.802612304687500000e+00
2.630000000000000000e+02 5.800709724426269531e+00
2.670000000000000000e+02 5.798885345458984375e+00
2.710000000000000000e+02 5.797145843505859375e+00
2.750000000000000000e+02 5.795468807220458984e+00
2.790000000000000000e+02 5.793869495391845703e+00
2.840000000000000000e+02 5.791961193084716797e+00
2.880000000000000000e+02 5.790503978729248047e+00
2.930000000000000000e+02 5.788765907287597656e+00
2.970000000000000000e+02 5.787423133850097656e+00
3.020000000000000000e+02 5.785825729370117188e+00
3.070000000000000000e+02 5.784305572509765625e+00
3.110000000000000000e+02 5.783142566680908203e+00
3.160000000000000000e+02 5.781754016876220703e+00
3.210000000000000000e+02 5.780432701110839844e+00
3.260000000000000000e+02 5.779174327850341797e+00
3.310000000000000000e+02 5.777972221374511719e+00
3.360000000000000000e+02 5.776823520660400391e+00
3.420000000000000000e+02 5.775521755218505859e+00
3.470000000000000000e+02 5.774490356445312500e+00
3.530000000000000000e+02 5.773313522338867188e+00
3.580000000000000000e+02 5.772385120391845703e+00
3.640000000000000000e+02 5.771325111389160156e+00
3.690000000000000000e+02 5.770482063293457031e+00
3.750000000000000000e+02 5.769524574279785156e+00
3.810000000000000000e+02 5.768624305725097656e+00
3.870000000000000000e+02 5.767831802368164062e+00
3.930000000000000000e+02 5.767086029052734375e+00
3.990000000000000000e+02 5.766375541687011719e+00
4.050000000000000000e+02 5.765701293945312500e+00
4.120000000000000000e+02 5.764964103698730469e+00
4.180000000000000000e+02 5.764362812042236328e+00
4.250000000000000000e+02 5.763698101043701172e+00
4.310000000000000000e+02 5.763159275054931641e+00
4.380000000000000000e+02 5.762567043304443359e+00
4.450000000000000000e+02 5.762008190155029297e+00
4.520000000000000000e+02 5.761482715606689453e+00
4.590000000000000000e+02 5.760989189147949219e+00
4.660000000000000000e+02 5.760515689849853516e+00
4.730000000000000000e+02 5.760077953338623047e+00
4.810000000000000000e+02 5.759603500366210938e+00
4.880000000000000000e+02 5.759212493896484375e+00
4.960000000000000000e+02 5.758793830871582031e+00
5.030000000000000000e+02 5.758450508117675781e+00
5.110000000000000000e+02 5.758076667785644531e+00
5.190000000000000000e+02 5.757729530334472656e+00
5.270000000000000000e+02 5.757404327392578125e+00
5.360000000000000000e+02 5.757065296173095703e+00
5.440000000000000000e+02 5.756780624389648438e+00
5.530000000000000000e+02 5.756481170654296875e+00
5.610000000000000000e+02 5.756232261657714844e+00
5.700000000000000000e+02 5.755972385406494141e+00
5.790000000000000000e+02 5.755726814270019531e+00
5.880000000000000000e+02 5.755497455596923828e+00
5.970000000000000000e+02 5.755286693572998047e+00
6.060000000000000000e+02 5.755089282989501953e+00
6.160000000000000000e+02 5.754882812500000000e+00
6.250000000000000000e+02 5.754710197448730469e+00
6.350000000000000000e+02 5.754532337188720703e+00
6.450000000000000000e+02 5.754368305206298828e+00
6.550000000000000000e+02 5.754216194152832031e+00
6.650000000000000000e+02 5.754074573516845703e+00
6.760000000000000000e+02 5.753931999206542969e+00
6.860000000000000000e+02 5.753810405731201172e+00
6.970000000000000000e+02 5.753686904907226562e+00
7.080000000000000000e+02 5.753572940826416016e+00
7.190000000000000000e+02 5.753470420837402344e+00
7.300000000000000000e+02 5.753374576568603516e+00
7.420000000000000000e+02 5.753280639648437500e+00
7.530000000000000000e+02 5.753197669982910156e+00
7.650000000000000000e+02 5.753115177154541016e+00
7.770000000000000000e+02 5.753042221069335938e+00
7.890000000000000000e+02 5.752974033355712891e+00
8.010000000000000000e+02 5.752912998199462891e+00
8.140000000000000000e+02 5.752849578857421875e+00
8.270000000000000000e+02 5.752795219421386719e+00
8.390000000000000000e+02 5.752748489379882812e+00
8.530000000000000000e+02 5.752698421478271484e+00
8.660000000000000000e+02 5.752656936645507812e+00
8.790000000000000000e+02 5.752619743347167969e+00
8.930000000000000000e+02 5.752580165863037109e+00
9.070000000000000000e+02 5.752548217773437500e+00
9.210000000000000000e+02 5.752515316009521484e+00
9.360000000000000000e+02 5.752488613128662109e+00
9.500000000000000000e+02 5.752462863922119141e+00
9.650000000000000000e+02 5.752439498901367188e+00
9.800000000000000000e+02 5.752416610717773438e+00
9.950000000000000000e+02 5.752398014068603516e+00
1.011000000000000000e+03 5.752379894256591797e+00
1.027000000000000000e+03 5.752363204956054688e+00
1.043000000000000000e+03 5.752349376678466797e+00
1.059000000000000000e+03 5.752336502075195312e+00
1.075000000000000000e+03 5.752324104309082031e+00
1.092000000000000000e+03 5.752314567565917969e+00
1.109000000000000000e+03 5.752304077148437500e+00
1.127000000000000000e+03 5.752294540405273438e+00
1.144000000000000000e+03 5.752286434173583984e+00
1.162000000000000000e+03 5.752279281616210938e+00
1.180000000000000000e+03 5.752273559570312500e+00
1.199000000000000000e+03 5.752267360687255859e+00
1.217000000000000000e+03 5.752263069152832031e+00
1.236000000000000000e+03 5.752258777618408203e+00
1.256000000000000000e+03 5.752255439758300781e+00
1.275000000000000000e+03 5.752252578735351562e+00
1.295000000000000000e+03 5.752250194549560547e+00
1.315000000000000000e+03 5.752249240875244141e+00
1.336000000000000000e+03 5.752247810363769531e+00
1.357000000000000000e+03 5.752245903015136719e+00
1.378000000000000000e+03 5.752243518829345703e+00
1.399000000000000000e+03 5.752242565155029297e+00
1.421000000000000000e+03 5.752241134643554688e+00
1.443000000000000000e+03 5.752238750457763672e+00
1.466000000000000000e+03 5.752237319946289062e+00
1.489000000000000000e+03 5.752237319946289062e+00
1.512000000000000000e+03 5.752234935760498047e+00
1.536000000000000000e+03 5.752235889434814453e+00
1.560000000000000000e+03 5.752233505249023438e+00
1.584000000000000000e+03 5.752233982086181641e+00
1.609000000000000000e+03 5.752233982086181641e+00
1.634000000000000000e+03 5.752232074737548828e+00
1.659000000000000000e+03 5.752232074737548828e+00
1.685000000000000000e+03 5.752232074737548828e+00
1.711000000000000000e+03 5.752232074737548828e+00
1.738000000000000000e+03 5.752232074737548828e+00
1.765000000000000000e+03 5.752231597900390625e+00
1.793000000000000000e+03 5.752231597900390625e+00
1.821000000000000000e+03 5.752231597900390625e+00
1.849000000000000000e+03 5.752230644226074219e+00
1.878000000000000000e+03 5.752230644226074219e+00
1.907000000000000000e+03 5.752230644226074219e+00
1.937000000000000000e+03 5.752230644226074219e+00
1.967000000000000000e+03 5.752231597900390625e+00
1.998000000000000000e+03 5.752231597900390625e+00
2.029000000000000000e+03 5.752230167388916016e+00
2.061000000000000000e+03 5.752230644226074219e+00
2.093000000000000000e+03 5.752230167388916016e+00
2.126000000000000000e+03 5.752230167388916016e+00
2.159000000000000000e+03 5.752230167388916016e+00
2.192000000000000000e+03 5.752230167388916016e+00
2.227000000000000000e+03 5.752230167388916016e+00
2.261000000000000000e+03 5.752229690551757812e+00
2.297000000000000000e+03 5.752230167388916016e+00
2.333000000000000000e+03 5.752229690551757812e+00
2.369000000000000000e+03 5.752229690551757812e+00
2.406000000000000000e+03 5.752229690551757812e+00
2.443000000000000000e+03 5.752229213714599609e+00
2.482000000000000000e+03 5.752229213714599609e+00
2.520000000000000000e+03 5.752229213714599609e+00
2.560000000000000000e+03 5.752229213714599609e+00
2.600000000000000000e+03 5.752229690551757812e+00
2.640000000000000000e+03 5.752229690551757812e+00
2.681000000000000000e+03 5.752229213714599609e+00
2.723000000000000000e+03 5.752229213714599609e+00
2.766000000000000000e+03 5.752227783203125000e+00
2.809000000000000000e+03 5.752228260040283203e+00
2.853000000000000000e+03 5.752228260040283203e+00
2.897000000000000000e+03 5.752227783203125000e+00
2.942000000000000000e+03 5.752228260040283203e+00
2.988000000000000000e+03 5.752227783203125000e+00
3.035000000000000000e+03 5.752227783203125000e+00
3.082000000000000000e+03 5.752227783203125000e+00
3.130000000000000000e+03 5.752227783203125000e+00
3.179000000000000000e+03 5.752227783203125000e+00
3.229000000000000000e+03 5.752227783203125000e+00
3.279000000000000000e+03 5.752227783203125000e+00
3.330000000000000000e+03 5.752227783203125000e+00
3.382000000000000000e+03 5.752227783203125000e+00
3.435000000000000000e+03 5.752227783203125000e+00
3.489000000000000000e+03 5.752227783203125000e+00
3.543000000000000000e+03 5.752227783203125000e+00
3.598000000000000000e+03 5.752227783203125000e+00
3.654000000000000000e+03 5.752227783203125000e+00
3.711000000000000000e+03 5.752227783203125000e+00
3.769000000000000000e+03 5.752227306365966797e+00
3.828000000000000000e+03 5.752227306365966797e+00
3.888000000000000000e+03 5.752226352691650391e+00
3.948000000000000000e+03 5.752226352691650391e+00
4.010000000000000000e+03 5.752226352691650391e+00
4.073000000000000000e+03 5.752227306365966797e+00
4.136000000000000000e+03 5.752227306365966797e+00
4.201000000000000000e+03 5.752227306365966797e+00
4.266000000000000000e+03 5.752227783203125000e+00
4.333000000000000000e+03 5.752226352691650391e+00
4.400000000000000000e+03 5.752227306365966797e+00
4.469000000000000000e+03 5.752226352691650391e+00
4.539000000000000000e+03 5.752225875854492188e+00
4.610000000000000000e+03 5.752226352691650391e+00
4.682000000000000000e+03 5.752226352691650391e+00
4.755000000000000000e+03 5.752226352691650391e+00
4.829000000000000000e+03 5.752226352691650391e+00
4.904000000000000000e+03 5.752225875854492188e+00
4.981000000000000000e+03 5.752225399017333984e+00
5.058000000000000000e+03 5.752225399017333984e+00
5.137000000000000000e+03 5.752224922180175781e+00
5.217000000000000000e+03 5.752225399017333984e+00
5.299000000000000000e+03 5.752225399017333984e+00
5.381000000000000000e+03 5.752225399017333984e+00
5.465000000000000000e+03 5.752225399017333984e+00
5.551000000000000000e+03 5.752225399017333984e+00
5.637000000000000000e+03 5.752223968505859375e+00
5.725000000000000000e+03 5.752224922180175781e+00
5.814000000000000000e+03 5.752224922180175781e+00
5.905000000000000000e+03 5.752225399017333984e+00
5.997000000000000000e+03 5.752224922180175781e+00
6.091000000000000000e+03 5.752225399017333984e+00
6.186000000000000000e+03 5.752224922180175781e+00
6.282000000000000000e+03 5.752224922180175781e+00
6.380000000000000000e+03 5.752224922180175781e+00
6.480000000000000000e+03 5.752224922180175781e+00
6.581000000000000000e+03 5.752224922180175781e+00
6.684000000000000000e+03 5.752224922180175781e+00
6.788000000000000000e+03 5.752224922180175781e+00
6.894000000000000000e+03 5.752225399017333984e+00
7.001000000000000000e+03 5.752224922180175781e+00
7.111000000000000000e+03 5.752224922180175781e+00
7.222000000000000000e+03 5.752223968505859375e+00
7.334000000000000000e+03 5.752223968505859375e+00
7.449000000000000000e+03 5.752223968505859375e+00
7.565000000000000000e+03 5.752223968505859375e+00
7.683000000000000000e+03 5.752225399017333984e+00
7.803000000000000000e+03 5.752223968505859375e+00
7.924000000000000000e+03 5.752223968505859375e+00
8.048000000000000000e+03 5.752223968505859375e+00
8.174000000000000000e+03 5.752223968505859375e+00
8.301000000000000000e+03 5.752223968505859375e+00
8.431000000000000000e+03 5.752223968505859375e+00
8.562000000000000000e+03 5.752223491668701172e+00
8.696000000000000000e+03 5.752223014831542969e+00
8.831000000000000000e+03 5.752223968505859375e+00
8.969000000000000000e+03 5.752223968505859375e+00
9.109000000000000000e+03 5.752223014831542969e+00
9.251000000000000000e+03 5.752223968505859375e+00
9.395000000000000000e+03 5.752223968505859375e+00
9.542000000000000000e+03 5.752223491668701172e+00
9.691000000000000000e+03 5.752223968505859375e+00
9.842000000000000000e+03 5.752223968505859375e+00
9.996000000000000000e+03 5.752223491668701172e+00
1.015200000000000000e+04 5.752223491668701172e+00
1.031000000000000000e+04 5.752223968505859375e+00
1.047100000000000000e+04 5.752223491668701172e+00
1.063400000000000000e+04 5.752223491668701172e+00
1.080000000000000000e+04 5.752223491668701172e+00
1.096800000000000000e+04 5.752223491668701172e+00
1.114000000000000000e+04 5.752223491668701172e+00
1.131300000000000000e+04 5.752223491668701172e+00
1.149000000000000000e+04 5.752223491668701172e+00
1.166900000000000000e+04 5.752223491668701172e+00
1.185100000000000000e+04 5.752223014831542969e+00
1.203600000000000000e+04 5.752223491668701172e+00
1.222400000000000000e+04 5.752223968505859375e+00
1.241400000000000000e+04 5.752223014831542969e+00
1.260800000000000000e+04 5.752223014831542969e+00
1.280500000000000000e+04 5.752223014831542969e+00
1.300500000000000000e+04 5.752223014831542969e+00
1.320700000000000000e+04 5.752223014831542969e+00
1.341300000000000000e+04 5.752223014831542969e+00
1.362300000000000000e+04 5.752223014831542969e+00
1.383500000000000000e+04 5.752223014831542969e+00
1.405100000000000000e+04 5.752223014831542969e+00
1.427000000000000000e+04 5.752223491668701172e+00
1.449300000000000000e+04 5.752223014831542969e+00
1.471900000000000000e+04 5.752223014831542969e+00
1.494900000000000000e+04 5.752223014831542969e+00
1.518200000000000000e+04 5.752223014831542969e+00
1.541900000000000000e+04 5.752223014831542969e+00
1.565900000000000000e+04 5.752222061157226562e+00
1.590300000000000000e+04 5.752223014831542969e+00
1.615100000000000000e+04 5.752222061157226562e+00
1.640300000000000000e+04 5.752223014831542969e+00
1.665900000000000000e+04 5.752223014831542969e+00
1.691900000000000000e+04 5.752222061157226562e+00
1.718300000000000000e+04 5.752222061157226562e+00
1.745100000000000000e+04 5.752222061157226562e+00
1.772300000000000000e+04 5.752222061157226562e+00
1.800000000000000000e+04 5.752222061157226562e+00
1.828100000000000000e+04 5.752222061157226562e+00
1.856600000000000000e+04 5.752222061157226562e+00
1.885600000000000000e+04 5.752222061157226562e+00
1.915000000000000000e+04 5.752222061157226562e+00
1.944800000000000000e+04 5.752222061157226562e+00
1.975200000000000000e+04 5.752222061157226562e+00
2.006000000000000000e+04 5.752222061157226562e+00
2.037300000000000000e+04 5.752222061157226562e+00
2.069100000000000000e+04 5.752222061157226562e+00
2.101300000000000000e+04 5.752222061157226562e+00
2.134100000000000000e+04 5.752222061157226562e+00
2.167400000000000000e+04 5.752222061157226562e+00
2.201200000000000000e+04 5.752222061157226562e+00
2.235600000000000000e+04 5.752222061157226562e+00
2.270400000000000000e+04 5.752222061157226562e+00
2.305900000000000000e+04 5.752222061157226562e+00
2.341800000000000000e+04 5.752222061157226562e+00
2.378400000000000000e+04 5.752222061157226562e+00
2.415500000000000000e+04 5.752222061157226562e+00
2.453100000000000000e+04 5.752222061157226562e+00
2.491400000000000000e+04 5.752222061157226562e+00
2.530300000000000000e+04 5.752222061157226562e+00
2.569700000000000000e+04 5.752222061157226562e+00
2.609800000000000000e+04 5.752222061157226562e+00
2.650500000000000000e+04 5.752222061157226562e+00
2.691900000000000000e+04 5.752222061157226562e+00
2.733900000000000000e+04 5.752222061157226562e+00
2.776500000000000000e+04 5.752222061157226562e+00
2.819800000000000000e+04 5.752222061157226562e+00
2.863800000000000000e+04 5.752222061157226562e+00
2.908500000000000000e+04 5.752223491668701172e+00
2.953900000000000000e+04 5.752222061157226562e+00
3.000000000000000000e+04 5.752222061157226562e+00
3.046800000000000000e+04 5.752222061157226562e+00
3.094300000000000000e+04 5.752222061157226562e+00
3.142600000000000000e+04 5.752222061157226562e+00
3.191600000000000000e+04 5.752223491668701172e+00
3.241400000000000000e+04 5.752222061157226562e+00
3.291900000000000000e+04 5.752222061157226562e+00
3.343300000000000000e+04 5.752222061157226562e+00
3.395400000000000000e+04 5.752222061157226562e+00
3.448400000000000000e+04 5.752222061157226562e+00
3.502200000000000000e+04 5.752222061157226562e+00
3.556800000000000000e+04 5.752222061157226562e+00
3.612300000000000000e+04 5.752222061157226562e+00
3.668700000000000000e+04 5.752222061157226562e+00
3.725900000000000000e+04 5.752222061157226562e+00
3.784000000000000000e+04 5.752222061157226562e+00
3.843000000000000000e+04 5.752222061157226562e+00
3.903000000000000000e+04 5.752222061157226562e+00
3.963900000000000000e+04 5.752222061157226562e+00
4.025700000000000000e+04 5.752222061157226562e+00
4.088500000000000000e+04 5.752222061157226562e+00
4.152300000000000000e+04 5.752222061157226562e+00
4.217100000000000000e+04 5.752222061157226562e+00
4.282800000000000000e+04 5.752222061157226562e+00
4.349700000000000000e+04 5.752222061157226562e+00
4.417500000000000000e+04 5.752222061157226562e+00
4.486400000000000000e+04 5.752222061157226562e+00
4.556400000000000000e+04 5.752222061157226562e+00
4.627500000000000000e+04 5.752222061157226562e+00
4.699700000000000000e+04 5.752222061157226562e+00
4.773000000000000000e+04 5.752222061157226562e+00
4.847400000000000000e+04 5.752222061157226562e+00
4.923100000000000000e+04 5.752222061157226562e+00
4.999900000000000000e+04 5.752222061157226562e+00
