t dd no-dd
1.000000000000000000e+00 1.370071029663085938e+01 1.493829631805419922e+01
1.000000000000000000e+00 1.370071029663085938e+01 1.493829631805419922e+01
1.000000000000000000e+00 1.370071029663085938e+01 1.493829631805419922e+01
1.000000000000000000e+00 1.370071029663085938e+01 1.493829631805419922e+01
1.000000000000000000e+00 1.370071029663085938e+01 1.493829631805419922e+01
1.000000000000000000e+00 1.370071029663085938e+01 1.493829631805419922e+01
1.000000000000000000e+00 1.370071029663085938e+01 1.493829631805419922e+01
1.000000000000000000e+00 1.370071029663085938e+01 1.493829631805419922e+01
1.000000000000000000e+00 1.370071029663085938e+01 1.493829631805419922e+01
1.000000000000000000e+00 1.370071029663085938e+01 1.493829631805419922e+01
1.000000000000000000e+00 1.370071029663085938e+01 1.493829631805419922e+01
1.000000000000000000e+00 1.370071029663085938e+01 1.493829631805419922e+01
1.000000000000000000e+00 1.370071029663085938e+01 1.493829631805419922e+01
1.000000000000000000e+00 1.370071029663085938e+01 1.493829631805419922e+01
1.000000000000000000e+00 1.370071029663085938e+01 1.493829631805419922e+01
1.000000000000000000e+00 1.370071029663085938e+01 1.493829631805419922e+01
1.000000000000000000e+00 1.370071029663085938e+01 1.493829631805419922e+01
1.000000000000000000e+00 1.370071029663085938e+01 1.493829631805419922e+01
1.000000000000000000e+00 1.370071029663085938e+01 1.493829631805419922e+01
1.000000000000000000e+00 1.370071029663085938e+01 1.493829631805419922e+01
1.000000000000000000e+00 1.370071029663085938e+01 1.493829631805419922e+01
1.000000000000000000e+00 1.370071029663085938e+01 1.493829631805419922e+01
1.000000000000000000e+00 1.370071029663085938e+01 1.493829631805419922e+01
1.000000000000000000e+00 1.370071029663085938e+01 1.493829631805419922e+01
1.000000000000000000e+00 1.370071029663085938e+01 1.493829631805419922e+01
1.000000000000000000e+00 1.370071029663085938e+01 1.493829631805419922e+01
1.000000000000000000e+00 1.370071029663085938e+01 1.493829631805419922e+01
1.000000000000000000e+00 1.370071029663085938e+01 1.493829631805419922e+01
1.000000000000000000e+00 1.370071029663085938e+01 1.493829631805419922e+01
1.000000000000000000e+00 1.370071029663085938e+01 1.493829631805419922e+01
1.000000000000000000e+00 1.370071029663085938e+01 1.493829631805419922e+01
1.000000000000000000e+00 1.370071029663085938e+01 1.493829631805419922e+01
1.000000000000000000e+00 1.370071029663085938e+01 1.493829631805419922e+01
1.000000000000000000e+00 1.370071029663085938e+01 1.493829631805419922e+01
1.000000000000000000e+00 1.370071029663085938e+01 1.493829631805419922e+01
1.000000000000000000e+00 1.370071029663085938e+01 1.493829631805419922e+01
1.000000000000000000e+00 1.370071029663085938e+01 1.493829631805419922e+01
1.000000000000000000e+00 1.370071029663085938e+01 1.493829631805419922e+01
1.000000000000000000e+00 1.370071029663085938e+01 1.493829631805419922e+01
1.000000000000000000e+00 1.370071029663085938e+01 1.493829631805419922e+01
1.000000000000000000e+00 1.370071029663085938e+01 1.493829631805419922e+01
1.000000000000000000e+00 1.370071029663085938e+01 1.493829631805419922e+01
1.000000000000000000e+00 1.370071029663085938e+01 1.493829631805419922e+01
1.000000000000000000e+00 1.370071029663085938e+01 1.493829631805419922e+01
1.000000000000000000e+00 1.370071029663085938e+01 1.493829631805419922e+01
2.000000000000000000e+00 1.060425949096679688e+01 1.397127151489257812e+01
2.000000000000000000e+00 1.060425949096679688e+01 1.397127151489257812e+01
2.000000000000000000e+00 1.060425949096679688e+01 1.397127151489257812e+01
2.000000000000000000e+00 1.060425949096679688e+01 1.397127151489257812e+01
2.000000000000000000e+00 1.060425949096679688e+01 1.397127151489257812e+01
2.000000000000000000e+00 1.060425949096679688e+01 1.397127151489257812e+01
2.000000000000000000e+00 1.060425949096679688e+01 1.397127151489257812e+01
2.000000000000000000e+00 1.060425949096679688e+01 1.397127151489257812e+01
2.000000000000000000e+00 1.060425949096679688e+01 1.397127151489257812e+01
2.000000000000000000e+00 1.060425949096679688e+01 1.397127151489257812e+01
2.000000000000000000e+00 1.060425949096679688e+01 1.397127151489257812e+01
2.000000000000000000e+00 1.060425949096679688e+01 1.397127151489257812e+01
2.000000000000000000e+00 1.060425949096679688e+01 1.397127151489257812e+01
2.000000000000000000e+00 1.060425949096679688e+01 1.397127151489257812e+01
2.000000000000000000e+00 1.060425949096679688e+01 1.397127151489257812e+01
2.000000000000000000e+00 1.060425949096679688e+01 1.397127151489257812e+01
2.000000000000000000e+00 1.060425949096679688e+01 1.397127151489257812e+01
2.000000000000000000e+00 1.060425949096679688e+01 1.397127151489257812e+01
2.000000000000000000e+00 1.060425949096679688e+01 1.397127151489257812e+01
2.000000000000000000e+00 1.060425949096679688e+01 1.397127151489257812e+01
2.000000000000000000e+00 1.060425949096679688e+01 1.397127151489257812e+01
2.000000000000000000e+00 1.060425949096679688e+01 1.397127151489257812e+01
2.000000000000000000e+00 1.060425949096679688e+01 1.397127151489257812e+01
2.000000000000000000e+00 1.060425949096679688e+01 1.397127151489257812e+01
2.000000000000000000e+00 1.060425949096679688e+01 1.397127151489257812e+01
2.000000000000000000e+00 1.060425949096679688e+01 1.397127151489257812e+01
3.000000000000000000e+00 8.606772422790527344e+00 1.310597324371337891e+01
3.000000000000000000e+00 8.606772422790527344e+00 1.310597324371337891e+01
3.000000000000000000e+00 8.606772422790527344e+00 1.310597324371337891e+01
3.000000000000000000e+00 8.606772422790527344e+00 1.310597324371337891e+01
3.000000000000000000e+00 8.606772422790527344e+00 1.310597324371337891e+01
3.000000000000000000e+00 8.606772422790527344e+00 1.310597324371337891e+01
3.000000000000000000e+00 8.606772422790527344e+00 1.310597324371337891e+01
3.000000000000000000e+00 8.606772422790527344e+00 1.310597324371337891e+01
3.000000000000000000e+00 8.606772422790527344e+00 1.310597324371337891e+01
3.000000000000000000e+00 8.606772422790527344e+00 1.310597324371337891e+01
3.000000000000000000e+00 8.606772422790527344e+00 1.310597324371337891e+01
3.000000000000000000e+00 8.606772422790527344e+00 1.310597324371337891e+01
3.000000000000000000e+00 8.606772422790527344e+00 1.310597324371337891e+01
3.000000000000000000e+00 8.606772422790527344e+00 1.310597324371337891e+01
3.000000000000000000e+00 8.606772422790527344e+00 1.310597324371337891e+01
3.000000000000000000e+00 8.606772422790527344e+00 1.310597324371337891e+01
3.000000000000000000e+00 8.606772422790527344e+00 1.310597324371337891e+01
3.000000000000000000e+00 8.606772422790527344e+00 1.310597324371337891e+01
3.000000000000000000e+00 8.606772422790527344e+00 1.310597324371337891e+01
4.000000000000000000e+00 7.977067470550537109e+00 1.235537242889404297e+01
4.000000000000000000e+00 7.977067470550537109e+00 1.235537242889404297e+01
4.000000000000000000e+00 7.977067470550537109e+00 1.235537242889404297e+01
4.000000000000000000e+00 7.977067470550537109e+00 1.235537242889404297e+01
4.000000000000000000e+00 7.977067470550537109e+00 1.235537242889404297e+01
4.000000000000000000e+00 7.977067470550537109e+00 1.235537242889404297e+01
4.000000000000000000e+00 7.977067470550537109e+00 1.235537242889404297e+01
4.000000000000000000e+00 7.977067470550537109e+00 1.235537242889404297e+01
4.000000000000000000e+00 7.977067470550537109e+00 1.235537242889404297e+01
4.000000000000000000e+00 7.977067470550537109e+00 1.235537242889404297e+01
4.000000000000000000e+00 7.977067470550537109e+00 1.235537242889404297e+01
4.000000000000000000e+00 7.977067470550537109e+00 1.235537242889404297e+01
4.000000000000000000e+00 7.977067470550537109e+00 1.235537242889404297e+01
4.000000000000000000e+00 7.977067470550537109e+00 1.235537242889404297e+01
5.000000000000000000e+00 7.454581260681152344e+00 1.171113967895507812e+01
5.000000000000000000e+00 7.454581260681152344e+00 1.171113967895507812e+01
5.000000000000000000e+00 7.454581260681152344e+00 1.171113967895507812e+01
5.000000000000000000e+00 7.454581260681152344e+00 1.171113967895507812e+01
5.000000000000000000e+00 7.454581260681152344e+00 1.171113967895507812e+01
5.000000000000000000e+00 7.454581260681152344e+00 1.171113967895507812e+01
5.000000000000000000e+00 7.454581260681152344e+00 1.171113967895507812e+01
5.000000000000000000e+00 7.454581260681152344e+00 1.171113967895507812e+01
5.000000000000000000e+00 7.454581260681152344e+00 1.171113967895507812e+01
5.000000000000000000e+00 7.454581260681152344e+00 1.171113967895507812e+01
5.000000000000000000e+00 7.454581260681152344e+00 1.171113967895507812e+01
5.000000000000000000e+00 7.454581260681152344e+00 1.171113967895507812e+01
6.000000000000000000e+00 7.293271064758300781e+00 1.114046287536621094e+01
6.000000000000000000e+00 7.293271064758300781e+00 1.114046287536621094e+01
6.000000000000000000e+00 7.293271064758300781e+00 1.114046287536621094e+01
6.000000000000000000e+00 7.293271064758300781e+00 1.114046287536621094e+01
6.000000000000000000e+00 7.293271064758300781e+00 1.114046287536621094e+01
6.000000000000000000e+00 7.293271064758300781e+00 1.114046287536621094e+01
6.000000000000000000e+00 7.293271064758300781e+00 1.114046287536621094e+01
6.000000000000000000e+00 7.293271064758300781e+00 1.114046287536621094e+01
6.000000000000000000e+00 7.293271064758300781e+00 1.114046287536621094e+01
6.000000000000000000e+00 7.293271064758300781e+00 1.114046287536621094e+01
7.000000000000000000e+00 6.979448795318603516e+00 1.064597797393798828e+01
7.000000000000000000e+00 6.979448795318603516e+00 1.064597797393798828e+01
7.000000000000000000e+00 6.979448795318603516e+00 1.064597797393798828e+01
7.000000000000000000e+00 6.979448795318603516e+00 1.064597797393798828e+01
7.000000000000000000e+00 6.979448795318603516e+00 1.064597797393798828e+01
7.000000000000000000e+00 6.979448795318603516e+00 1.064597797393798828e+01
7.000000000000000000e+00 6.979448795318603516e+00 1.064597797393798828e+01
7.000000000000000000e+00 6.979448795318603516e+00 1.064597797393798828e+01
7.000000000000000000e+00 6.979448795318603516e+00 1.064597797393798828e+01
8.000000000000000000e+00 7.020058155059814453e+00 1.022003269195556641e+01
8.000000000000000000e+00 7.020058155059814453e+00 1.022003269195556641e+01
8.000000000000000000e+00 7.020058155059814453e+00 1.022003269195556641e+01
8.000000000000000000e+00 7.020058155059814453e+00 1.022003269195556641e+01
8.000000000000000000e+00 7.020058155059814453e+00 1.022003269195556641e+01
8.000000000000000000e+00 7.020058155059814453e+00 1.022003269195556641e+01
8.000000000000000000e+00 7.020058155059814453e+00 1.022003269195556641e+01
9.000000000000000000e+00 6.702642440795898438e+00 9.847248077392578125e+00
9.000000000000000000e+00 6.702642440795898438e+00 9.847248077392578125e+00
9.000000000000000000e+00 6.702642440795898438e+00 9.847248077392578125e+00
9.000000000000000000e+00 6.702642440795898438e+00 9.847248077392578125e+00
9.000000000000000000e+00 6.702642440795898438e+00 9.847248077392578125e+00
9.000000000000000000e+00 6.702642440795898438e+00 9.847248077392578125e+00
9.000000000000000000e+00 6.702642440795898438e+00 9.847248077392578125e+00
1.000000000000000000e+01 6.943768501281738281e+00 9.510579109191894531e+00
1.000000000000000000e+01 6.943768501281738281e+00 9.510579109191894531e+00
1.000000000000000000e+01 6.943768501281738281e+00 9.510579109191894531e+00
1.000000000000000000e+01 6.943768501281738281e+00 9.510579109191894531e+00
1.000000000000000000e+01 6.943768501281738281e+00 9.510579109191894531e+00
1.000000000000000000e+01 6.943768501281738281e+00 9.510579109191894531e+00
1.100000000000000000e+01 6.530245304107666016e+00 9.218782424926757812e+00
1.100000000000000000e+01 6.530245304107666016e+00 9.218782424926757812e+00
1.100000000000000000e+01 6.530245304107666016e+00 9.218782424926757812e+00
1.100000000000000000e+01 6.530245304107666016e+00 9.218782424926757812e+00
1.100000000000000000e+01 6.530245304107666016e+00 9.218782424926757812e+00
1.100000000000000000e+01 6.530245304107666016e+00 9.218782424926757812e+00
1.200000000000000000e+01 7.234036922454833984e+00 8.956623077392578125e+00
1.200000000000000000e+01 7.234036922454833984e+00 8.956623077392578125e+00
1.200000000000000000e+01 7.234036922454833984e+00 8.956623077392578125e+00
1.200000000000000000e+01 7.234036922454833984e+00 8.956623077392578125e+00
1.200000000000000000e+01 7.234036922454833984e+00 8.956623077392578125e+00
1.300000000000000000e+01 6.557287693023681641e+00 8.718670845031738281e+00
1.300000000000000000e+01 6.557287693023681641e+00 8.718670845031738281e+00
1.300000000000000000e+01 6.557287693023681641e+00 8.718670845031738281e+00
1.300000000000000000e+01 6.557287693023681641e+00 8.718670845031738281e+00
1.300000000000000000e+01 6.557287693023681641e+00 8.718670845031738281e+00
1.400000000000000000e+01 8.118329048156738281e+00 8.517330169677734375e+00
1.400000000000000000e+01 8.118329048156738281e+00 8.517330169677734375e+00
1.400000000000000000e+01 8.118329048156738281e+00 8.517330169677734375e+00
1.400000000000000000e+01 8.118329048156738281e+00 8.517330169677734375e+00
1.500000000000000000e+01 7.359827041625976562e+00 8.350693702697753906e+00
1.500000000000000000e+01 7.359827041625976562e+00 8.350693702697753906e+00
1.500000000000000000e+01 7.359827041625976562e+00 8.350693702697753906e+00
1.500000000000000000e+01 7.359827041625976562e+00 8.350693702697753906e+00
1.500000000000000000e+01 7.359827041625976562e+00 8.350693702697753906e+00
1.600000000000000000e+01 9.447266578674316406e+00 8.212273597717285156e+00
1.600000000000000000e+01 9.447266578674316406e+00 8.212273597717285156e+00
1.600000000000000000e+01 9.447266578674316406e+00 8.212273597717285156e+00
1.600000000000000000e+01 9.447266578674316406e+00 8.212273597717285156e+00
1.700000000000000000e+01 8.420421600341796875e+00 8.090802192687988281e+00
1.700000000000000000e+01 8.420421600341796875e+00 8.090802192687988281e+00
1.700000000000000000e+01 8.420421600341796875e+00 8.090802192687988281e+00
1.800000000000000000e+01 9.795587539672851562e+00 7.987989425659179688e+00
1.800000000000000000e+01 9.795587539672851562e+00 7.987989425659179688e+00
1.800000000000000000e+01 9.795587539672851562e+00 7.987989425659179688e+00
1.800000000000000000e+01 9.795587539672851562e+00 7.987989425659179688e+00
1.900000000000000000e+01 7.824200630187988281e+00 7.904746055603027344e+00
1.900000000000000000e+01 7.824200630187988281e+00 7.904746055603027344e+00
1.900000000000000000e+01 7.824200630187988281e+00 7.904746055603027344e+00
2.000000000000000000e+01 8.406601905822753906e+00 7.830034732818603516e+00
2.000000000000000000e+01 8.406601905822753906e+00 7.830034732818603516e+00
2.000000000000000000e+01 8.406601905822753906e+00 7.830034732818603516e+00
2.100000000000000000e+01 6.616077423095703125e+00 7.759431362152099609e+00
2.100000000000000000e+01 6.616077423095703125e+00 7.759431362152099609e+00
2.100000000000000000e+01 6.616077423095703125e+00 7.759431362152099609e+00
2.200000000000000000e+01 7.203976631164550781e+00 7.692642211914062500e+00
2.200000000000000000e+01 7.203976631164550781e+00 7.692642211914062500e+00
2.200000000000000000e+01 7.203976631164550781e+00 7.692642211914062500e+00
2.300000000000000000e+01 6.159022808074951172e+00 7.629350662231445312e+00
2.300000000000000000e+01 6.159022808074951172e+00 7.629350662231445312e+00
2.300000000000000000e+01 6.159022808074951172e+00 7.629350662231445312e+00
2.400000000000000000e+01 6.608633518218994141e+00 7.569294452667236328e+00
2.400000000000000000e+01 6.608633518218994141e+00 7.569294452667236328e+00
2.500000000000000000e+01 5.991652011871337891e+00 7.512185096740722656e+00
2.500000000000000000e+01 5.991652011871337891e+00 7.512185096740722656e+00
2.500000000000000000e+01 5.991652011871337891e+00 7.512185096740722656e+00
2.600000000000000000e+01 6.341050624847412109e+00 7.457802772521972656e+00
2.600000000000000000e+01 6.341050624847412109e+00 7.457802772521972656e+00
2.700000000000000000e+01 5.933527946472167969e+00 7.405733108520507812e+00
2.700000000000000000e+01 5.933527946472167969e+00 7.405733108520507812e+00
2.700000000000000000e+01 5.933527946472167969e+00 7.405733108520507812e+00
2.800000000000000000e+01 6.189981460571289062e+00 7.359302520751953125e+00
2.800000000000000000e+01 6.189981460571289062e+00 7.359302520751953125e+00
2.900000000000000000e+01 5.908799648284912109e+00 7.315579891204833984e+00
2.900000000000000000e+01 5.908799648284912109e+00 7.315579891204833984e+00
3.000000000000000000e+01 6.101043224334716797e+00 7.275623321533203125e+00
3.000000000000000000e+01 6.101043224334716797e+00 7.275623321533203125e+00
3.100000000000000000e+01 5.905889511108398438e+00 7.237058162689208984e+00
3.100000000000000000e+01 5.905889511108398438e+00 7.237058162689208984e+00
3.200000000000000000e+01 6.041641235351562500e+00 7.199779033660888672e+00
3.200000000000000000e+01 6.041641235351562500e+00 7.199779033660888672e+00
3.300000000000000000e+01 5.906930923461914062e+00 7.165239334106445312e+00
3.300000000000000000e+01 5.906930923461914062e+00 7.165239334106445312e+00
3.400000000000000000e+01 6.003206253051757812e+00 7.134110927581787109e+00
3.400000000000000000e+01 6.003206253051757812e+00 7.134110927581787109e+00
3.500000000000000000e+01 5.910106182098388672e+00 7.103816986083984375e+00
3.500000000000000000e+01 5.910106182098388672e+00 7.103816986083984375e+00
3.600000000000000000e+01 5.977373123168945312e+00 7.074374198913574219e+00
3.600000000000000000e+01 5.977373123168945312e+00 7.074374198913574219e+00
3.700000000000000000e+01 5.912331104278564453e+00 7.045876979827880859e+00
3.700000000000000000e+01 5.912331104278564453e+00 7.045876979827880859e+00
3.800000000000000000e+01 5.960121631622314453e+00 7.018010139465332031e+00
3.900000000000000000e+01 5.913194656372070312e+00 6.990945816040039062e+00
3.900000000000000000e+01 5.913194656372070312e+00 6.990945816040039062e+00
4.000000000000000000e+01 5.947381973266601562e+00 6.964562892913818359e+00
4.100000000000000000e+01 5.913400173187255859e+00 6.939018726348876953e+00
4.100000000000000000e+01 5.913400173187255859e+00 6.939018726348876953e+00
4.200000000000000000e+01 5.937624931335449219e+00 6.914254665374755859e+00
4.300000000000000000e+01 5.913118362426757812e+00 6.890544414520263672e+00
4.300000000000000000e+01 5.913118362426757812e+00 6.890544414520263672e+00
4.400000000000000000e+01 5.930219173431396484e+00 6.867383480072021484e+00
4.500000000000000000e+01 5.912205219268798828e+00 6.844770431518554688e+00
4.500000000000000000e+01 5.912205219268798828e+00 6.844770431518554688e+00
4.600000000000000000e+01 5.924387931823730469e+00 6.822592735290527344e+00
4.700000000000000000e+01 5.911211490631103516e+00 6.800917148590087891e+00
4.700000000000000000e+01 5.911211490631103516e+00 6.800917148590087891e+00
4.800000000000000000e+01 5.919878482818603516e+00 6.779701709747314453e+00
4.900000000000000000e+01 5.910028457641601562e+00 6.759088039398193359e+00
5.000000000000000000e+01 5.916320800781250000e+00 6.739591598510742188e+00
5.000000000000000000e+01 5.916320800781250000e+00 6.739591598510742188e+00
5.100000000000000000e+01 5.908913135528564453e+00 6.720766544342041016e+00
5.200000000000000000e+01 5.913342475891113281e+00 6.702227592468261719e+00
5.300000000000000000e+01 5.907850265502929688e+00 6.684223175048828125e+00
5.400000000000000000e+01 5.910989284515380859e+00 6.666530132293701172e+00
5.500000000000000000e+01 5.906799793243408203e+00 6.649824142456054688e+00
5.500000000000000000e+01 5.906799793243408203e+00 6.649824142456054688e+00
5.600000000000000000e+01 5.909064769744873047e+00 6.633400917053222656e+00
5.700000000000000000e+01 5.905871391296386719e+00 6.617252349853515625e+00
5.800000000000000000e+01 5.907468795776367188e+00 6.601519584655761719e+00
5.900000000000000000e+01 5.905029296875000000e+00 6.586092472076416016e+00
6.000000000000000000e+01 5.906160831451416016e+00 6.570924758911132812e+00
6.100000000000000000e+01 5.904277801513671875e+00 6.556090831756591797e+00
6.200000000000000000e+01 5.905051231384277344e+00 6.541588783264160156e+00
6.300000000000000000e+01 5.903623580932617188e+00 6.527296543121337891e+00
6.400000000000000000e+01 5.904128551483154297e+00 6.513391017913818359e+00
6.500000000000000000e+01 5.903041362762451172e+00 6.499726772308349609e+00
6.600000000000000000e+01 5.903386116027832031e+00 6.486320972442626953e+00
6.700000000000000000e+01 5.902518749237060547e+00 6.473212718963623047e+00
6.800000000000000000e+01 5.902738571166992188e+00 6.460321426391601562e+00
6.900000000000000000e+01 5.902056217193603516e+00 6.447570800781250000e+00
7.000000000000000000e+01 5.902192592620849609e+00 6.435220718383789062e+00
7.100000000000000000e+01 5.901663303375244141e+00 6.423874378204345703e+00
7.200000000000000000e+01 5.901733875274658203e+00 6.412660598754882812e+00
7.300000000000000000e+01 5.901308059692382812e+00 6.401620388031005859e+00
7.500000000000000000e+01 5.901002883911132812e+00 6.380290031433105469e+00
7.600000000000000000e+01 5.900992870330810547e+00 6.369976043701171875e+00
7.700000000000000000e+01 5.900729179382324219e+00 6.359845161437988281e+00
7.800000000000000000e+01 5.900708675384521484e+00 6.349913120269775391e+00
7.900000000000000000e+01 5.900490283966064453e+00 6.340179920196533203e+00
8.100000000000000000e+01 5.900281906127929688e+00 6.321230411529541016e+00
8.200000000000000000e+01 5.900242805480957031e+00 6.312092781066894531e+00
8.300000000000000000e+01 5.900101184844970703e+00 6.303090095520019531e+00
8.400000000000000000e+01 5.900055408477783203e+00 6.294307231903076172e+00
8.600000000000000000e+01 5.899896144866943359e+00 6.277197360992431641e+00
8.700000000000000000e+01 5.899803638458251953e+00 6.268767833709716797e+00
8.900000000000000000e+01 5.899681568145751953e+00 6.252626419067382812e+00
9.000000000000000000e+01 5.899639129638671875e+00 6.244826793670654297e+00
9.100000000000000000e+01 5.899573802947998047e+00 6.237191200256347656e+00
9.300000000000000000e+01 5.899479389190673828e+00 6.222250938415527344e+00
9.400000000000000000e+01 5.899445056915283203e+00 6.215075492858886719e+00
9.600000000000000000e+01 5.899365425109863281e+00 6.200982570648193359e+00
9.700000000000000000e+01 5.899325370788574219e+00 6.194155216217041016e+00
9.900000000000000000e+01 5.899262905120849609e+00 6.180781364440917969e+00
1.000000000000000000e+02 5.899239540100097656e+00 6.174327850341796875e+00
1.020000000000000000e+02 5.899185180664062500e+00 6.161871910095214844e+00
1.030000000000000000e+02 5.899158954620361328e+00 6.155964374542236328e+00
1.050000000000000000e+02 5.899118423461914062e+00 6.144797801971435547e+00
1.070000000000000000e+02 5.899083137512207031e+00 6.134594917297363281e+00
1.080000000000000000e+02 5.899066925048828125e+00 6.129584312438964844e+00
1.100000000000000000e+02 5.899038314819335938e+00 6.119821548461914062e+00
1.120000000000000000e+02 5.899010658264160156e+00 6.110437393188476562e+00
1.140000000000000000e+02 5.898984909057617188e+00 6.101318836212158203e+00
1.150000000000000000e+02 5.898976325988769531e+00 6.096905708312988281e+00
1.170000000000000000e+02 5.898954868316650391e+00 6.088263034820556641e+00
1.190000000000000000e+02 5.898941516876220703e+00 6.079813957214355469e+00
1.210000000000000000e+02 5.898925304412841797e+00 6.071738243103027344e+00
1.230000000000000000e+02 5.898915290832519531e+00 6.064732074737548828e+00
1.250000000000000000e+02 5.898904323577880859e+00 6.058073520660400391e+00
1.270000000000000000e+02 5.898893356323242188e+00 6.051689624786376953e+00
1.290000000000000000e+02 5.898885726928710938e+00 6.045445442199707031e+00
1.310000000000000000e+02 5.898876190185546875e+00 6.039412975311279297e+00
1.330000000000000000e+02 5.898870468139648438e+00 6.034029006958007812e+00
1.350000000000000000e+02 5.898864269256591797e+00 6.028849601745605469e+00
1.370000000000000000e+02 5.898858070373535156e+00 6.023815155029296875e+00
1.390000000000000000e+02 5.898854255676269531e+00 6.018962383270263672e+00
1.410000000000000000e+02 5.898851394653320312e+00 6.014202117919921875e+00
1.430000000000000000e+02 5.898849010467529297e+00 6.009652137756347656e+00
1.460000000000000000e+02 5.898842811584472656e+00 6.002986907958984375e+00
1.480000000000000000e+02 5.898840904235839844e+00 5.998745918273925781e+00
1.500000000000000000e+02 5.898837089538574219e+00 5.994599819183349609e+00
1.530000000000000000e+02 5.898835659027099609e+00 5.988582611083984375e+00
1.550000000000000000e+02 5.898833751678466797e+00 5.984725952148437500e+00
1.570000000000000000e+02 5.898831844329833984e+00 5.980945587158203125e+00
1.600000000000000000e+02 5.898829936981201172e+00 5.975537776947021484e+00
1.620000000000000000e+02 5.898829936981201172e+00 5.972046375274658203e+00
1.650000000000000000e+02 5.898829460144042969e+00 5.966938972473144531e+00
1.670000000000000000e+02 5.898828029632568359e+00 5.963692665100097656e+00
1.700000000000000000e+02 5.898827075958251953e+00 5.958915233612060547e+00
1.730000000000000000e+02 5.898826122283935547e+00 5.954324245452880859e+00
1.750000000000000000e+02 5.898826122283935547e+00 5.951346874237060547e+00
1.780000000000000000e+02 5.898824691772460938e+00 5.947063446044921875e+00
1.810000000000000000e+02 5.898823261260986328e+00 5.942944526672363281e+00
1.840000000000000000e+02 5.898823261260986328e+00 5.939012527465820312e+00
1.870000000000000000e+02 5.898823261260986328e+00 5.935237407684326172e+00
1.900000000000000000e+02 5.898823261260986328e+00 5.931584358215332031e+00
1.930000000000000000e+02 5.898823261260986328e+00 5.928106307983398438e+00
1.960000000000000000e+02 5.898823261260986328e+00 5.924753189086914062e+00
1.990000000000000000e+02 5.898823261260986328e+00 5.921504497528076172e+00
2.020000000000000000e+02 5.898823738098144531e+00 5.918468475341796875e+00
2.050000000000000000e+02 5.898823738098144531e+00 5.915576934814453125e+00
2.080000000000000000e+02 5.898823738098144531e+00 5.912753105163574219e+00
2.110000000000000000e+02 5.898823738098144531e+00 5.910067081451416016e+00
2.150000000000000000e+02 5.898823738098144531e+00 5.906633853912353516e+00
2.180000000000000000e+02 5.898823738098144531e+00 5.904148578643798828e+00
2.210000000000000000e+02 5.898823738098144531e+00 5.901772022247314453e+00
2.250000000000000000e+02 5.898823738098144531e+00 5.898729801177978516e+00
2.280000000000000000e+02 5.898823738098144531e+00 5.896544933319091797e+00
2.320000000000000000e+02 5.898823738098144531e+00 5.893742084503173828e+00
2.360000000000000000e+02 5.898823738098144531e+00 5.891045570373535156e+00
2.390000000000000000e+02 5.898823261260986328e+00 5.889132022857666016e+00
2.430000000000000000e+02 5.898823738098144531e+00 5.886664867401123047e+00
2.470000000000000000e+02 5.898823261260986328e+00 5.884315013885498047e+00
2.510000000000000000e+02 5.898823261260986328e+00 5.882076263427734375e+00
2.550000000000000000e+02 5.898823738098144531e+00 5.879932403564453125e+00
2.590000000000000000e+02 5.898823738098144531e+00 5.877881526947021484e+00
2.630000000000000000e+02 5.898823261260986328e+00 5.875924110412597656e+00
2.670000000000000000e+02 5.898823261260986328e+00 5.874051094055175781e+00
2.710000000000000000e+02 5.898823261260986328e+00 5.872265815734863281e+00
2.750000000000000000e+02 5.898823261260986328e+00 5.870546817779541016e+00
2.790000000000000000e+02 5.898823261260986328e+00 5.868907451629638672e+00
2.840000000000000000e+02 5.898823261260986328e+00 5.866951465606689453e+00
2.880000000000000000e+02 5.898823261260986328e+00 5.865458488464355469e+00
2.930000000000000000e+02 5.898823261260986328e+00 5.863681793212890625e+00
2.970000000000000000e+02 5.898823261260986328e+00 5.862331390380859375e+00
3.020000000000000000e+02 5.898823261260986328e+00 5.860713005065917969e+00
3.070000000000000000e+02 5.898823261260986328e+00 5.859184741973876953e+00
3.110000000000000000e+02 5.898823261260986328e+00 5.858024120330810547e+00
3.160000000000000000e+02 5.898823261260986328e+00 5.856623649597167969e+00
3.210000000000000000e+02 5.898823738098144531e+00 5.855299472808837891e+00
3.260000000000000000e+02 5.898823261260986328e+00 5.854043960571289062e+00
3.310000000000000000e+02 5.898823261260986328e+00 5.852846622467041016e+00
3.360000000000000000e+02 5.898823261260986328e+00 5.851702690124511719e+00
3.420000000000000000e+02 5.898823261260986328e+00 5.850417613983154297e+00
3.470000000000000000e+02 5.898823261260986328e+00 5.849397182464599609e+00
3.530000000000000000e+02 5.898823261260986328e+00 5.848229885101318359e+00
3.580000000000000000e+02 5.898823261260986328e+00 5.847311496734619141e+00
3.640000000000000000e+02 5.898823261260986328e+00 5.846262931823730469e+00
3.690000000000000000e+02 5.898823261260986328e+00 5.845430850982666016e+00
3.750000000000000000e+02 5.898822784423828125e+00 5.844484329223632812e+00
3.810000000000000000e+02 5.898822784423828125e+00 5.843590259552001953e+00
3.870000000000000000e+02 5.898822784423828125e+00 5.842740535736083984e+00
3.930000000000000000e+02 5.898822784423828125e+00 5.841936588287353516e+00
3.990000000000000000e+02 5.898822784423828125e+00 5.841174125671386719e+00
4.050000000000000000e+02 5.898823261260986328e+00 5.840451717376708984e+00
4.120000000000000000e+02 5.898823261260986328e+00 5.839656829833984375e+00
4.180000000000000000e+02 5.898823261260986328e+00 5.839013576507568359e+00
4.250000000000000000e+02 5.898823261260986328e+00 5.838302612304687500e+00
4.310000000000000000e+02 5.898823261260986328e+00 5.837729454040527344e+00
4.380000000000000000e+02 5.898823261260986328e+00 5.837096691131591797e+00
4.450000000000000000e+02 5.898823261260986328e+00 5.836498260498046875e+00
4.520000000000000000e+02 5.898823261260986328e+00 5.835934638977050781e+00
4.590000000000000000e+02 5.898823261260986328e+00 5.835403919219970703e+00
4.660000000000000000e+02 5.898823261260986328e+00 5.834897994995117188e+00
4.730000000000000000e+02 5.898823261260986328e+00 5.834424018859863281e+00
4.810000000000000000e+02 5.898823261260986328e+00 5.833914756774902344e+00
4.880000000000000000e+02 5.898823261260986328e+00 5.833494663238525391e+00
4.960000000000000000e+02 5.898823261260986328e+00 5.833043098449707031e+00
5.030000000000000000e+02 5.898823261260986328e+00 5.832672595977783203e+00
5.110000000000000000e+02 5.898823261260986328e+00 5.832271575927734375e+00
5.190000000000000000e+02 5.898823261260986328e+00 5.831896305084228516e+00
5.270000000000000000e+02 5.898823261260986328e+00 5.831545352935791016e+00
5.360000000000000000e+02 5.898823261260986328e+00 5.831173896789550781e+00
5.440000000000000000e+02 5.898823261260986328e+00 5.830865383148193359e+00
5.530000000000000000e+02 5.898823261260986328e+00 5.830541610717773438e+00
5.610000000000000000e+02 5.898823261260986328e+00 5.830270290374755859e+00
5.700000000000000000e+02 5.898823261260986328e+00 5.829982757568359375e+00
5.790000000000000000e+02 5.898823261260986328e+00 5.829718112945556641e+00
5.880000000000000000e+02 5.898823261260986328e+00 5.829467296600341797e+00
5.970000000000000000e+02 5.898823261260986328e+00 5.829236030578613281e+00
6.060000000000000000e+02 5.898823261260986328e+00 5.829014301300048828e+00
6.160000000000000000e+02 5.898823261260986328e+00 5.828789234161376953e+00
6.250000000000000000e+02 5.898823261260986328e+00 5.828599452972412109e+00
6.350000000000000000e+02 5.898823261260986328e+00 5.828401565551757812e+00
6.450000000000000000e+02 5.898823261260986328e+00 5.828219413757324219e+00
6.550000000000000000e+02 5.898823261260986328e+00 5.828050136566162109e+00
6.650000000000000000e+02 5.898823261260986328e+00 5.827891349792480469e+00
6.760000000000000000e+02 5.898823261260986328e+00 5.827730178833007812e+00
6.860000000000000000e+02 5.898823261260986328e+00 5.827592372894287109e+00
6.970000000000000000e+02 5.898823261260986328e+00 5.827453613281250000e+00
7.080000000000000000e+02 5.898823261260986328e+00 5.827324867248535156e+00
7.190000000000000000e+02 5.898823261260986328e+00 5.827205657958984375e+00
7.300000000000000000e+02 5.898823261260986328e+00 5.827094554901123047e+00
7.420000000000000000e+02 5.898823261260986328e+00 5.826986789703369141e+00
7.530000000000000000e+02 5.898823261260986328e+00 5.826889038085937500e+00
7.650000000000000000e+02 5.898823261260986328e+00 5.826795578002929688e+00
7.770000000000000000e+02 5.898823261260986328e+00 5.826710700988769531e+00
7.890000000000000000e+02 5.898823261260986328e+00 5.826629161834716797e+00
8.010000000000000000e+02 5.898823261260986328e+00 5.826557159423828125e+00
8.140000000000000000e+02 5.898823261260986328e+00 5.826482772827148438e+00
8.270000000000000000e+02 5.898822784423828125e+00 5.826416492462158203e+00
8.390000000000000000e+02 5.898823261260986328e+00 5.826359748840332031e+00
8.530000000000000000e+02 5.898823261260986328e+00 5.826298236846923828e+00
8.660000000000000000e+02 5.898823261260986328e+00 5.826245784759521484e+00
8.790000000000000000e+02 5.898823261260986328e+00 5.826200485229492188e+00
8.930000000000000000e+02 5.898823261260986328e+00 5.826152324676513672e+00
9.070000000000000000e+02 5.898823261260986328e+00 5.826108932495117188e+00
9.210000000000000000e+02 5.898823261260986328e+00 5.826071739196777344e+00
9.360000000000000000e+02 5.898823261260986328e+00 5.826034069061279297e+00
9.500000000000000000e+02 5.898823261260986328e+00 5.826001644134521484e+00
9.650000000000000000e+02 5.898823261260986328e+00 5.825971603393554688e+00
9.800000000000000000e+02 5.898822784423828125e+00 5.825943470001220703e+00
9.950000000000000000e+02 5.898822784423828125e+00 5.825918674468994141e+00
1.011000000000000000e+03 5.898823261260986328e+00 5.825895309448242188e+00
1.027000000000000000e+03 5.898822784423828125e+00 5.825872898101806641e+00
1.043000000000000000e+03 5.898822784423828125e+00 5.825851917266845703e+00
1.059000000000000000e+03 5.898822784423828125e+00 5.825835704803466797e+00
1.075000000000000000e+03 5.898823261260986328e+00 5.825819015502929688e+00
1.092000000000000000e+03 5.898823261260986328e+00 5.825804233551025391e+00
1.109000000000000000e+03 5.898823261260986328e+00 5.825789928436279297e+00
1.127000000000000000e+03 5.898823261260986328e+00 5.825777530670166016e+00
1.144000000000000000e+03 5.898823261260986328e+00 5.825767040252685547e+00
1.162000000000000000e+03 5.898823261260986328e+00 5.825754165649414062e+00
1.180000000000000000e+03 5.898823261260986328e+00 5.825744628906250000e+00
1.199000000000000000e+03 5.898823261260986328e+00 5.825737953186035156e+00
1.217000000000000000e+03 5.898823261260986328e+00 5.825728893280029297e+00
1.236000000000000000e+03 5.898823261260986328e+00 5.825720787048339844e+00
1.256000000000000000e+03 5.898823261260986328e+00 5.825715541839599609e+00
1.275000000000000000e+03 5.898823261260986328e+00 5.825709342956542969e+00
1.295000000000000000e+03 5.898823261260986328e+00 5.825704574584960938e+00
1.315000000000000000e+03 5.898823261260986328e+00 5.825700283050537109e+00
1.336000000000000000e+03 5.898823261260986328e+00 5.825696945190429688e+00
1.357000000000000000e+03 5.898823261260986328e+00 5.825694084167480469e+00
1.378000000000000000e+03 5.898823261260986328e+00 5.825692176818847656e+00
1.399000000000000000e+03 5.898823261260986328e+00 5.825689792633056641e+00
1.421000000000000000e+03 5.898823261260986328e+00 5.825687408447265625e+00
1.443000000000000000e+03 5.898823261260986328e+00 5.825687408447265625e+00
1.466000000000000000e+03 5.898823261260986328e+00 5.825685501098632812e+00
1.489000000000000000e+03 5.898823261260986328e+00 5.825685024261474609e+00
1.512000000000000000e+03 5.898823261260986328e+00 5.825682163238525391e+00
1.536000000000000000e+03 5.898823261260986328e+00 5.825681686401367188e+00
1.560000000000000000e+03 5.898823261260986328e+00 5.825679302215576172e+00
1.584000000000000000e+03 5.898823261260986328e+00 5.825679302215576172e+00
1.609000000000000000e+03 5.898823261260986328e+00 5.825679779052734375e+00
1.634000000000000000e+03 5.898823261260986328e+00 5.825677871704101562e+00
1.659000000000000000e+03 5.898823261260986328e+00 5.825677871704101562e+00
1.685000000000000000e+03 5.898823261260986328e+00 5.825678825378417969e+00
1.711000000000000000e+03 5.898823261260986328e+00 5.825677394866943359e+00
1.738000000000000000e+03 5.898823261260986328e+00 5.825677394866943359e+00
1.765000000000000000e+03 5.898823261260986328e+00 5.825677871704101562e+00
1.793000000000000000e+03 5.898823261260986328e+00 5.825677394866943359e+00
1.821000000000000000e+03 5.898823261260986328e+00 5.825676918029785156e+00
1.849000000000000000e+03 5.898823261260986328e+00 5.825677394866943359e+00
1.878000000000000000e+03 5.898823261260986328e+00 5.825677394866943359e+00
1.907000000000000000e+03 5.898823261260986328e+00 5.825677394866943359e+00
1.937000000000000000e+03 5.898823261260986328e+00 5.825677394866943359e+00
1.967000000000000000e+03 5.898823261260986328e+00 5.825676918029785156e+00
1.998000000000000000e+03 5.898823261260986328e+00 5.825676441192626953e+00
2.029000000000000000e+03 5.898823261260986328e+00 5.825676918029785156e+00
2.061000000000000000e+03 5.898823261260986328e+00 5.825677394866943359e+00
2.093000000000000000e+03 5.898823261260986328e+00 5.825676918029785156e+00
2.126000000000000000e+03 5.898823261260986328e+00 5.825676918029785156e+00
2.159000000000000000e+03 5.898823261260986328e+00 5.825676918029785156e+00
2.192000000000000000e+03 5.898823261260986328e+00 5.825676441192626953e+00
2.227000000000000000e+03 5.898823261260986328e+00 5.825676441192626953e+00
2.261000000000000000e+03 5.898823261260986328e+00 5.825676441192626953e+00
2.297000000000000000e+03 5.898823261260986328e+00 5.825676918029785156e+00
2.333000000000000000e+03 5.898823261260986328e+00 5.825675487518310547e+00
2.369000000000000000e+03 5.898823261260986328e+00 5.825675010681152344e+00
2.406000000000000000e+03 5.898823261260986328e+00 5.825674533843994141e+00
2.443000000000000000e+03 5.898823261260986328e+00 5.825674533843994141e+00
2.482000000000000000e+03 5.898823261260986328e+00 5.825674533843994141e+00
2.520000000000000000e+03 5.898823261260986328e+00 5.825674533843994141e+00
2.560000000000000000e+03 5.898823261260986328e+00 5.825674533843994141e+00
2.600000000000000000e+03 5.898823261260986328e+00 5.825674533843994141e+00
2.640000000000000000e+03 5.898823261260986328e+00 5.825674533843994141e+00
2.681000000000000000e+03 5.898823261260986328e+00 5.825674533843994141e+00
2.723000000000000000e+03 5.898823261260986328e+00 5.825675010681152344e+00
2.766000000000000000e+03 5.898823261260986328e+00 5.825674533843994141e+00
2.809000000000000000e+03 5.898823261260986328e+00 5.825674533843994141e+00
2.853000000000000000e+03 5.898823261260986328e+00 5.825674533843994141e+00
2.897000000000000000e+03 5.898823261260986328e+00 5.825674533843994141e+00
2.942000000000000000e+03 5.898823261260986328e+00 5.825674533843994141e+00
2.988000000000000000e+03 5.898823261260986328e+00 5.825674533843994141e+00
3.035000000000000000e+03 5.898823261260986328e+00 5.825674533843994141e+00
3.082000000000000000e+03 5.898823261260986328e+00 5.825674533843994141e+00
3.130000000000000000e+03 5.898823261260986328e+00 5.825674533843994141e+00
3.179000000000000000e+03 5.898823261260986328e+00 5.825674533843994141e+00
3.229000000000000000e+03 5.898823261260986328e+00 5.825674057006835938e+00
3.279000000000000000e+03 5.898823261260986328e+00 5.825673103332519531e+00
3.330000000000000000e+03 5.898823261260986328e+00 5.825674533843994141e+00
3.382000000000000000e+03 5.898823261260986328e+00 5.825673103332519531e+00
3.435000000000000000e+03 5.898823261260986328e+00 5.825673103332519531e+00
3.489000000000000000e+03 5.898823261260986328e+00 5.825673103332519531e+00
3.543000000000000000e+03 5.898823261260986328e+00 5.825673103332519531e+00
3.598000000000000000e+03 5.898823261260986328e+00 5.825674057006835938e+00
3.654000000000000000e+03 5.898823261260986328e+00 5.825674057006835938e+00
3.711000000000000000e+03 5.898823261260986328e+00 5.825675010681152344e+00
3.769000000000000000e+03 5.898823261260986328e+00 5.825673103332519531e+00
3.828000000000000000e+03 5.898823261260986328e+00 5.825674057006835938e+00
3.888000000000000000e+03 5.898823261260986328e+00 5.825674057006835938e+00
3.948000000000000000e+03 5.898823261260986328e+00 5.825674057006835938e+00
4.010000000000000000e+03 5.898823261260986328e+00 5.825673103332519531e+00
4.073000000000000000e+03 5.898823261260986328e+00 5.825672626495361328e+00
4.136000000000000000e+03 5.898823261260986328e+00 5.825672626495361328e+00
4.201000000000000000e+03 5.898823261260986328e+00 5.825673103332519531e+00
4.266000000000000000e+03 5.898823261260986328e+00 5.825672149658203125e+00
4.333000000000000000e+03 5.898823261260986328e+00 5.825672149658203125e+00
4.400000000000000000e+03 5.898823261260986328e+00 5.825672149658203125e+00
4.469000000000000000e+03 5.898823261260986328e+00 5.825672149658203125e+00
4.539000000000000000e+03 5.898823261260986328e+00 5.825672149658203125e+00
4.610000000000000000e+03 5.898823261260986328e+00 5.825672149658203125e+00
4.682000000000000000e+03 5.898823261260986328e+00 5.825672626495361328e+00
4.755000000000000000e+03 5.898823261260986328e+00 5.825672626495361328e+00
4.829000000000000000e+03 5.898823261260986328e+00 5.825672626495361328e+00
4.904000000000000000e+03 5.898823261260986328e+00 5.825672626495361328e+00
4.981000000000000000e+03 5.898823261260986328e+00 5.825672626495361328e+00
5.058000000000000000e+03 5.898823261260986328e+00 5.825672626495361328e+00
5.137000000000000000e+03 5.898823261260986328e+00 5.825672626495361328e+00
5.217000000000000000e+03 5.898823261260986328e+00 5.825672626495361328e+00
5.299000000000000000e+03 5.898823261260986328e+00 5.825672149658203125e+00
5.381000000000000000e+03 5.898823261260986328e+00 5.825672149658203125e+00
5.465000000000000000e+03 5.898823261260986328e+00 5.825672149658203125e+00
5.551000000000000000e+03 5.898823261260986328e+00 5.825672149658203125e+00
5.637000000000000000e+03 5.898823261260986328e+00 5.825672149658203125e+00
5.725000000000000000e+03 5.898823261260986328e+00 5.825672149658203125e+00
5.814000000000000000e+03 5.898823261260986328e+00 5.825672149658203125e+00
5.905000000000000000e+03 5.898823261260986328e+00 5.825672149658203125e+00
5.997000000000000000e+03 5.898823261260986328e+00 5.825671195983886719e+00
6.091000000000000000e+03 5.898823261260986328e+00 5.825671195983886719e+00
6.186000000000000000e+03 5.898823261260986328e+00 5.825671195983886719e+00
6.282000000000000000e+03 5.898823261260986328e+00 5.825671195983886719e+00
6.380000000000000000e+03 5.898823261260986328e+00 5.825671195983886719e+00
6.480000000000000000e+03 5.898823261260986328e+00 5.825671195983886719e+00
6.581000000000000000e+03 5.898823261260986328e+00 5.825671195983886719e+00
6.684000000000000000e+03 5.898823261260986328e+00 5.825672149658203125e+00
6.788000000000000000e+03 5.898823261260986328e+00 5.825672149658203125e+00
6.894000000000000000e+03 5.898823261260986328e+00 5.825670719146728516e+00
7.001000000000000000e+03 5.898823261260986328e+00 5.825671195983886719e+00
7.111000000000000000e+03 5.898822784423828125e+00 5.825671195983886719e+00
7.222000000000000000e+03 5.898822784423828125e+00 5.825671195983886719e+00
7.334000000000000000e+03 5.898823261260986328e+00 5.825671195983886719e+00
7.449000000000000000e+03 5.898823261260986328e+00 5.825671195983886719e+00
7.565000000000000000e+03 5.898823261260986328e+00 5.825670719146728516e+00
7.683000000000000000e+03 5.898823261260986328e+00 5.825670719146728516e+00
7.803000000000000000e+03 5.898823261260986328e+00 5.825672149658203125e+00
7.924000000000000000e+03 5.898823261260986328e+00 5.825671195983886719e+00
8.048000000000000000e+03 5.898823261260986328e+00 5.825671195983886719e+00
8.174000000000000000e+03 5.898823261260986328e+00 5.825671195983886719e+00
8.301000000000000000e+03 5.898823261260986328e+00 5.825672149658203125e+00
8.431000000000000000e+03 5.898823261260986328e+00 5.825670242309570312e+00
8.562000000000000000e+03 5.898823261260986328e+00 5.825670719146728516e+00
8.696000000000000000e+03 5.898823261260986328e+00 5.825670719146728516e+00
8.831000000000000000e+03 5.898823738098144531e+00 5.825670242309570312e+00
8.969000000000000000e+03 5.898823261260986328e+00 5.825670242309570312e+00
9.109000000000000000e+03 5.898823261260986328e+00 5.825670242309570312e+00
9.251000000000000000e+03 5.898823261260986328e+00 5.825670719146728516e+00
9.395000000000000000e+03 5.898823261260986328e+00 5.825670242309570312e+00
9.542000000000000000e+03 5.898823261260986328e+00 5.825670242309570312e+00
9.691000000000000000e+03 5.898823261260986328e+00 5.825671195983886719e+00
9.842000000000000000e+03 5.898823261260986328e+00 5.825670242309570312e+00
9.996000000000000000e+03 5.898823261260986328e+00 5.825670242309570312e+00
1.015200000000000000e+04 5.898823261260986328e+00 5.825671195983886719e+00
1.031000000000000000e+04 5.898823261260986328e+00 5.825670719146728516e+00
1.047100000000000000e+04 5.898822784423828125e+00 5.825671195983886719e+00
1.063400000000000000e+04 5.898823261260986328e+00 5.825670719146728516e+00
1.080000000000000000e+04 5.898822784423828125e+00 5.825671195983886719e+00
1.096800000000000000e+04 5.898821830749511719e+00 5.825671195983886719e+00
1.114000000000000000e+04 5.898823261260986328e+00 5.825671195983886719e+00
1.131300000000000000e+04 5.898823261260986328e+00 5.825671195983886719e+00
1.149000000000000000e+04 5.898823261260986328e+00 5.825671195983886719e+00
1.166900000000000000e+04 5.898823261260986328e+00 5.825671195983886719e+00
1.185100000000000000e+04 5.898823261260986328e+00 5.825670242309570312e+00
1.203600000000000000e+04 5.898823261260986328e+00 5.825671195983886719e+00
1.222400000000000000e+04 5.898823261260986328e+00 5.825670242309570312e+00
1.241400000000000000e+04 5.898823261260986328e+00 5.825670242309570312e+00
1.260800000000000000e+04 5.898823261260986328e+00 5.825670242309570312e+00
1.280500000000000000e+04 5.898823261260986328e+00 5.825670242309570312e+00
1.300500000000000000e+04 5.898823261260986328e+00 5.825670242309570312e+00
1.320700000000000000e+04 5.898822784423828125e+00 5.825670242309570312e+00
1.341300000000000000e+04 5.898823261260986328e+00 5.825670242309570312e+00
1.362300000000000000e+04 5.898823261260986328e+00 5.825670242309570312e+00
1.383500000000000000e+04 5.898823261260986328e+00 5.825670242309570312e+00
1.405100000000000000e+04 5.898823261260986328e+00 5.825670242309570312e+00
1.427000000000000000e+04 5.898823261260986328e+00 5.825670242309570312e+00
1.449300000000000000e+04 5.898823261260986328e+00 5.825670242309570312e+00
1.471900000000000000e+04 5.898822784423828125e+00 5.825669765472412109e+00
1.494900000000000000e+04 5.898823261260986328e+00 5.825670242309570312e+00
1.518200000000000000e+04 5.898823261260986328e+00 5.825670719146728516e+00
1.541900000000000000e+04 5.898823261260986328e+00 5.825671195983886719e+00
1.565900000000000000e+04 5.898823261260986328e+00 5.825670242309570312e+00
1.590300000000000000e+04 5.898823261260986328e+00 5.825670242309570312e+00
1.615100000000000000e+04 5.898823261260986328e+00 5.825671195983886719e+00
1.640300000000000000e+04 5.898823261260986328e+00 5.825671195983886719e+00
1.665900000000000000e+04 5.898823261260986328e+00 5.825670719146728516e+00
1.691900000000000000e+04 5.898823261260986328e+00 5.825670242309570312e+00
1.718300000000000000e+04 5.898823261260986328e+00 5.825668811798095703e+00
1.745100000000000000e+04 5.898823261260986328e+00 5.825670242309570312e+00
1.772300000000000000e+04 5.898823261260986328e+00 5.825670242309570312e+00
1.800000000000000000e+04 5.898823261260986328e+00 5.825670719146728516e+00
1.828100000000000000e+04 5.898823261260986328e+00 5.825670719146728516e+00
1.856600000000000000e+04 5.898823261260986328e+00 5.825670242309570312e+00
1.885600000000000000e+04 5.898823261260986328e+00 5.825670242309570312e+00
1.915000000000000000e+04 5.898823261260986328e+00 5.825670242309570312e+00
1.944800000000000000e+04 5.898823261260986328e+00 5.825670242309570312e+00
1.975200000000000000e+04 5.898823261260986328e+00 5.825669765472412109e+00
2.006000000000000000e+04 5.898823261260986328e+00 5.825670242309570312e+00
2.037300000000000000e+04 5.898823261260986328e+00 5.825670242309570312e+00
2.069100000000000000e+04 5.898823261260986328e+00 5.825670242309570312e+00
2.101300000000000000e+04 5.898823261260986328e+00 5.825669765472412109e+00
2.134100000000000000e+04 5.898823261260986328e+00 5.825669765472412109e+00
2.167400000000000000e+04 5.898823261260986328e+00 5.825669765472412109e+00
2.201200000000000000e+04 5.898823261260986328e+00 5.825669765472412109e+00
2.235600000000000000e+04 5.898823261260986328e+00 5.825669765472412109e+00
2.270400000000000000e+04 5.898823261260986328e+00 5.825669765472412109e+00
2.305900000000000000e+04 5.898823261260986328e+00 5.825670242309570312e+00
2.341800000000000000e+04 5.898823261260986328e+00 5.825669765472412109e+00
2.378400000000000000e+04 5.898822784423828125e+00 5.825669765472412109e+00
2.415500000000000000e+04 5.898823261260986328e+00 5.825668811798095703e+00
2.453100000000000000e+04 5.898823261260986328e+00 5.825668811798095703e+00
2.491400000000000000e+04 5.898823261260986328e+00 5.825668334960937500e+00
2.530300000000000000e+04 5.898823261260986328e+00 5.825668334960937500e+00
2.569700000000000000e+04 5.898823261260986328e+00 5.825668334960937500e+00
2.609800000000000000e+04 5.898823261260986328e+00 5.825668811798095703e+00
2.650500000000000000e+04 5.898823261260986328e+00 5.825668811798095703e+00
2.691900000000000000e+04 5.898823261260986328e+00 5.825669765472412109e+00
2.733900000000000000e+04 5.898823261260986328e+00 5.825668811798095703e+00
2.776500000000000000e+04 5.898823261260986328e+00 5.825668811798095703e+00
2.819800000000000000e+04 5.898823261260986328e+00 5.825670242309570312e+00
2.863800000000000000e+04 5.898823261260986328e+00 5.825668811798095703e+00
2.908500000000000000e+04 5.898823261260986328e+00 5.825668811798095703e+00
2.953900000000000000e+04 5.898823261260986328e+00 5.825668811798095703e+00
3.000000000000000000e+04 5.898823261260986328e+00 5.825668811798095703e+00
3.046800000000000000e+04 5.898823261260986328e+00 5.825668811798095703e+00
3.094300000000000000e+04 5.898823261260986328e+00 5.825668811798095703e+00
3.142600000000000000e+04 5.898823261260986328e+00 5.825668811798095703e+00
3.191600000000000000e+04 5.898823261260986328e+00 5.825668811798095703e+00
3.241400000000000000e+04 5.898823261260986328e+00 5.825668811798095703e+00
3.291900000000000000e+04 5.898823261260986328e+00 5.825668811798095703e+00
3.343300000000000000e+04 5.898823261260986328e+00 5.825668811798095703e+00
3.395400000000000000e+04 5.898823261260986328e+00 5.825668811798095703e+00
3.448400000000000000e+04 5.898823261260986328e+00 5.825668811798095703e+00
3.502200000000000000e+04 5.898823261260986328e+00 5.825669765472412109e+00
3.556800000000000000e+04 5.898823261260986328e+00 5.825669765472412109e+00
3.612300000000000000e+04 5.898823261260986328e+00 5.825668811798095703e+00
3.668700000000000000e+04 5.898823261260986328e+00 5.825669765472412109e+00
3.725900000000000000e+04 5.898823261260986328e+00 5.825669765472412109e+00
3.784000000000000000e+04 5.898823261260986328e+00 5.825669765472412109e+00
3.843000000000000000e+04 5.898822784423828125e+00 5.825669765472412109e+00
3.903000000000000000e+04 5.898823261260986328e+00 5.825669765472412109e+00
3.963900000000000000e+04 5.898823261260986328e+00 5.825669765472412109e+00
4.025700000000000000e+04 5.898823261260986328e+00 5.825668811798095703e+00
4.088500000000000000e+04 5.898823738098144531e+00 5.825669765472412109e+00
4.152300000000000000e+04 5.898823738098144531e+00 5.825668811798095703e+00
4.217100000000000000e+04 5.898823261260986328e+00 5.825668811798095703e+00
4.282800000000000000e+04 5.898823261260986328e+00 5.825668811798095703e+00
4.349700000000000000e+04 5.898823738098144531e+00 5.825668811798095703e+00
4.417500000000000000e+04 5.898823261260986328e+00 5.825669765472412109e+00
4.486400000000000000e+04 5.898823738098144531e+00 5.825669765472412109e+00
4.556400000000000000e+04 5.898823738098144531e+00 5.825669765472412109e+00
4.627500000000000000e+04 5.898823261260986328e+00 5.825669765472412109e+00
4.699700000000000000e+04 5.898821830749511719e+00 5.825669765472412109e+00
4.773000000000000000e+04 5.898823261260986328e+00 5.825669765472412109e+00
4.847400000000000000e+04 5.898821830749511719e+00 5.825670242309570312e+00
4.923100000000000000e+04 5.898823261260986328e+00 5.825670242309570312e+00
4.999900000000000000e+04 5.898821830749511719e+00 5.825670242309570312e+00
