t dd no-dd
1.000000000000000000e+00 1.336908245086669922e+01 1.479493618011474609e+01
1.000000000000000000e+00 1.336908245086669922e+01 1.479493618011474609e+01
1.000000000000000000e+00 1.336908245086669922e+01 1.479493618011474609e+01
1.000000000000000000e+00 1.336908245086669922e+01 1.479493618011474609e+01
1.000000000000000000e+00 1.336908245086669922e+01 1.479493618011474609e+01
1.000000000000000000e+00 1.336908245086669922e+01 1.479493618011474609e+01
1.000000000000000000e+00 1.336908245086669922e+01 1.479493618011474609e+01
1.000000000000000000e+00 1.336908245086669922e+01 1.479493618011474609e+01
1.000000000000000000e+00 1.336908245086669922e+01 1.479493618011474609e+01
1.000000000000000000e+00 1.336908245086669922e+01 1.479493618011474609e+01
1.000000000000000000e+00 1.336908245086669922e+01 1.479493618011474609e+01
1.000000000000000000e+00 1.336908245086669922e+01 1.479493618011474609e+01
1.000000000000000000e+00 1.336908245086669922e+01 1.479493618011474609e+01
1.000000000000000000e+00 1.336908245086669922e+01 1.479493618011474609e+01
1.000000000000000000e+00 1.336908245086669922e+01 1.479493618011474609e+01
1.000000000000000000e+00 1.336908245086669922e+01 1.479493618011474609e+01
1.000000000000000000e+00 1.336908245086669922e+01 1.479493618011474609e+01
1.000000000000000000e+00 1.336908245086669922e+01 1.479493618011474609e+01
1.000000000000000000e+00 1.336908245086669922e+01 1.479493618011474609e+01
1.000000000000000000e+00 1.336908245086669922e+01 1.479493618011474609e+01
1.000000000000000000e+00 1.336908245086669922e+01 1.479493618011474609e+01
1.000000000000000000e+00 1.336908245086669922e+01 1.479493618011474609e+01
1.000000000000000000e+00 1.336908245086669922e+01 1.479493618011474609e+01
1.000000000000000000e+00 1.336908245086669922e+01 1.479493618011474609e+01
1.000000000000000000e+00 1.336908245086669922e+01 1.479493618011474609e+01
1.000000000000000000e+00 1.336908245086669922e+01 1.479493618011474609e+01
1.000000000000000000e+00 1.336908245086669922e+01 1.479493618011474609e+01
1.000000000000000000e+00 1.336908245086669922e+01 1.479493618011474609e+01
1.000000000000000000e+00 1.336908245086669922e+01 1.479493618011474609e+01
1.000000000000000000e+00 1.336908245086669922e+01 1.479493618011474609e+01
1.000000000000000000e+00 1.336908245086669922e+01 1.479493618011474609e+01
1.000000000000000000e+00 1.336908245086669922e+01 1.479493618011474609e+01
1.000000000000000000e+00 1.336908245086669922e+01 1.479493618011474609e+01
1.000000000000000000e+00 1.336908245086669922e+01 1.479493618011474609e+01
1.000000000000000000e+00 1.336908245086669922e+01 1.479493618011474609e+01
1.000000000000000000e+00 1.336908245086669922e+01 1.479493618011474609e+01
1.000000000000000000e+00 1.336908245086669922e+01 1.479493618011474609e+01
1.000000000000000000e+00 1.336908245086669922e+01 1.479493618011474609e+01
1.000000000000000000e+00 1.336908245086669922e+01 1.479493618011474609e+01
1.000000000000000000e+00 1.336908245086669922e+01 1.479493618011474609e+01
1.000000000000000000e+00 1.336908245086669922e+01 1.479493618011474609e+01
1.000000000000000000e+00 1.336908245086669922e+01 1.479493618011474609e+01
1.000000000000000000e+00 1.336908245086669922e+01 1.479493618011474609e+01
1.000000000000000000e+00 1.336908245086669922e+01 1.479493618011474609e+01
1.000000000000000000e+00 1.336908245086669922e+01 1.479493618011474609e+01
2.000000000000000000e+00 1.017741489410400391e+01 1.379926681518554688e+01
2.000000000000000000e+00 1.017741489410400391e+01 1.379926681518554688e+01
2.000000000000000000e+00 1.017741489410400391e+01 1.379926681518554688e+01
2.000000000000000000e+00 1.017741489410400391e+01 1.379926681518554688e+01
2.000000000000000000e+00 1.017741489410400391e+01 1.379926681518554688e+01
2.000000000000000000e+00 1.017741489410400391e+01 1.379926681518554688e+01
2.000000000000000000e+00 1.017741489410400391e+01 1.379926681518554688e+01
2.000000000000000000e+00 1.017741489410400391e+01 1.379926681518554688e+01
2.000000000000000000e+00 1.017741489410400391e+01 1.379926681518554688e+01
2.000000000000000000e+00 1.017741489410400391e+01 1.379926681518554688e+01
2.000000000000000000e+00 1.017741489410400391e+01 1.379926681518554688e+01
2.000000000000000000e+00 1.017741489410400391e+01 1.379926681518554688e+01
2.000000000000000000e+00 1.017741489410400391e+01 1.379926681518554688e+01
2.000000000000000000e+00 1.017741489410400391e+01 1.379926681518554688e+01
2.000000000000000000e+00 1.017741489410400391e+01 1.379926681518554688e+01
2.000000000000000000e+00 1.017741489410400391e+01 1.379926681518554688e+01
2.000000000000000000e+00 1.017741489410400391e+01 1.379926681518554688e+01
2.000000000000000000e+00 1.017741489410400391e+01 1.379926681518554688e+01
2.000000000000000000e+00 1.017741489410400391e+01 1.379926681518554688e+01
2.000000000000000000e+00 1.017741489410400391e+01 1.379926681518554688e+01
2.000000000000000000e+00 1.017741489410400391e+01 1.379926681518554688e+01
2.000000000000000000e+00 1.017741489410400391e+01 1.379926681518554688e+01
2.000000000000000000e+00 1.017741489410400391e+01 1.379926681518554688e+01
2.000000000000000000e+00 1.017741489410400391e+01 1.379926681518554688e+01
2.000000000000000000e+00 1.017741489410400391e+01 1.379926681518554688e+01
2.000000000000000000e+00 1.017741489410400391e+01 1.379926681518554688e+01
3.000000000000000000e+00 8.343427658081054688e+00 1.290393352508544922e+01
3.000000000000000000e+00 8.343427658081054688e+00 1.290393352508544922e+01
3.000000000000000000e+00 8.343427658081054688e+00 1.290393352508544922e+01
3.000000000000000000e+00 8.343427658081054688e+00 1.290393352508544922e+01
3.000000000000000000e+00 8.343427658081054688e+00 1.290393352508544922e+01
3.000000000000000000e+00 8.343427658081054688e+00 1.290393352508544922e+01
3.000000000000000000e+00 8.343427658081054688e+00 1.290393352508544922e+01
3.000000000000000000e+00 8.343427658081054688e+00 1.290393352508544922e+01
3.000000000000000000e+00 8.343427658081054688e+00 1.290393352508544922e+01
3.000000000000000000e+00 8.343427658081054688e+00 1.290393352508544922e+01
3.000000000000000000e+00 8.343427658081054688e+00 1.290393352508544922e+01
3.000000000000000000e+00 8.343427658081054688e+00 1.290393352508544922e+01
3.000000000000000000e+00 8.343427658081054688e+00 1.290393352508544922e+01
3.000000000000000000e+00 8.343427658081054688e+00 1.290393352508544922e+01
3.000000000000000000e+00 8.343427658081054688e+00 1.290393352508544922e+01
3.000000000000000000e+00 8.343427658081054688e+00 1.290393352508544922e+01
3.000000000000000000e+00 8.343427658081054688e+00 1.290393352508544922e+01
3.000000000000000000e+00 8.343427658081054688e+00 1.290393352508544922e+01
3.000000000000000000e+00 8.343427658081054688e+00 1.290393352508544922e+01
4.000000000000000000e+00 7.887699127197265625e+00 1.214562511444091797e+01
4.000000000000000000e+00 7.887699127197265625e+00 1.214562511444091797e+01
4.000000000000000000e+00 7.887699127197265625e+00 1.214562511444091797e+01
4.000000000000000000e+00 7.887699127197265625e+00 1.214562511444091797e+01
4.000000000000000000e+00 7.887699127197265625e+00 1.214562511444091797e+01
4.000000000000000000e+00 7.887699127197265625e+00 1.214562511444091797e+01
4.000000000000000000e+00 7.887699127197265625e+00 1.214562511444091797e+01
4.000000000000000000e+00 7.887699127197265625e+00 1.214562511444091797e+01
4.000000000000000000e+00 7.887699127197265625e+00 1.214562511444091797e+01
4.000000000000000000e+00 7.887699127197265625e+00 1.214562511444091797e+01
4.000000000000000000e+00 7.887699127197265625e+00 1.214562511444091797e+01
4.000000000000000000e+00 7.887699127197265625e+00 1.214562511444091797e+01
4.000000000000000000e+00 7.887699127197265625e+00 1.214562511444091797e+01
4.000000000000000000e+00 7.887699127197265625e+00 1.214562511444091797e+01
5.000000000000000000e+00 7.337450981140136719e+00 1.149267005920410156e+01
5.000000000000000000e+00 7.337450981140136719e+00 1.149267005920410156e+01
5.000000000000000000e+00 7.337450981140136719e+00 1.149267005920410156e+01
5.000000000000000000e+00 7.337450981140136719e+00 1.149267005920410156e+01
5.000000000000000000e+00 7.337450981140136719e+00 1.149267005920410156e+01
5.000000000000000000e+00 7.337450981140136719e+00 1.149267005920410156e+01
5.000000000000000000e+00 7.337450981140136719e+00 1.149267005920410156e+01
5.000000000000000000e+00 7.337450981140136719e+00 1.149267005920410156e+01
5.000000000000000000e+00 7.337450981140136719e+00 1.149267005920410156e+01
5.000000000000000000e+00 7.337450981140136719e+00 1.149267005920410156e+01
5.000000000000000000e+00 7.337450981140136719e+00 1.149267005920410156e+01
5.000000000000000000e+00 7.337450981140136719e+00 1.149267005920410156e+01
6.000000000000000000e+00 7.466809749603271484e+00 1.092385387420654297e+01
6.000000000000000000e+00 7.466809749603271484e+00 1.092385387420654297e+01
6.000000000000000000e+00 7.466809749603271484e+00 1.092385387420654297e+01
6.000000000000000000e+00 7.466809749603271484e+00 1.092385387420654297e+01
6.000000000000000000e+00 7.466809749603271484e+00 1.092385387420654297e+01
6.000000000000000000e+00 7.466809749603271484e+00 1.092385387420654297e+01
6.000000000000000000e+00 7.466809749603271484e+00 1.092385387420654297e+01
6.000000000000000000e+00 7.466809749603271484e+00 1.092385387420654297e+01
6.000000000000000000e+00 7.466809749603271484e+00 1.092385387420654297e+01
6.000000000000000000e+00 7.466809749603271484e+00 1.092385387420654297e+01
7.000000000000000000e+00 6.936505794525146484e+00 1.043372535705566406e+01
7.000000000000000000e+00 6.936505794525146484e+00 1.043372535705566406e+01
7.000000000000000000e+00 6.936505794525146484e+00 1.043372535705566406e+01
7.000000000000000000e+00 6.936505794525146484e+00 1.043372535705566406e+01
7.000000000000000000e+00 6.936505794525146484e+00 1.043372535705566406e+01
7.000000000000000000e+00 6.936505794525146484e+00 1.043372535705566406e+01
7.000000000000000000e+00 6.936505794525146484e+00 1.043372535705566406e+01
7.000000000000000000e+00 6.936505794525146484e+00 1.043372535705566406e+01
7.000000000000000000e+00 6.936505794525146484e+00 1.043372535705566406e+01
8.000000000000000000e+00 7.837511539459228516e+00 1.001942348480224609e+01
8.000000000000000000e+00 7.837511539459228516e+00 1.001942348480224609e+01
8.000000000000000000e+00 7.837511539459228516e+00 1.001942348480224609e+01
8.000000000000000000e+00 7.837511539459228516e+00 1.001942348480224609e+01
8.000000000000000000e+00 7.837511539459228516e+00 1.001942348480224609e+01
8.000000000000000000e+00 7.837511539459228516e+00 1.001942348480224609e+01
8.000000000000000000e+00 7.837511539459228516e+00 1.001942348480224609e+01
9.000000000000000000e+00 7.043350219726562500e+00 9.649739265441894531e+00
9.000000000000000000e+00 7.043350219726562500e+00 9.649739265441894531e+00
9.000000000000000000e+00 7.043350219726562500e+00 9.649739265441894531e+00
9.000000000000000000e+00 7.043350219726562500e+00 9.649739265441894531e+00
9.000000000000000000e+00 7.043350219726562500e+00 9.649739265441894531e+00
9.000000000000000000e+00 7.043350219726562500e+00 9.649739265441894531e+00
9.000000000000000000e+00 7.043350219726562500e+00 9.649739265441894531e+00
1.000000000000000000e+01 9.483899116516113281e+00 9.325592994689941406e+00
1.000000000000000000e+01 9.483899116516113281e+00 9.325592994689941406e+00
1.000000000000000000e+01 9.483899116516113281e+00 9.325592994689941406e+00
1.000000000000000000e+01 9.483899116516113281e+00 9.325592994689941406e+00
1.000000000000000000e+01 9.483899116516113281e+00 9.325592994689941406e+00
1.000000000000000000e+01 9.483899116516113281e+00 9.325592994689941406e+00
1.100000000000000000e+01 9.093289375305175781e+00 9.041480064392089844e+00
1.100000000000000000e+01 9.093289375305175781e+00 9.041480064392089844e+00
1.100000000000000000e+01 9.093289375305175781e+00 9.041480064392089844e+00
1.100000000000000000e+01 9.093289375305175781e+00 9.041480064392089844e+00
1.100000000000000000e+01 9.093289375305175781e+00 9.041480064392089844e+00
1.100000000000000000e+01 9.093289375305175781e+00 9.041480064392089844e+00
1.200000000000000000e+01 1.192819976806640625e+01 8.785000801086425781e+00
1.200000000000000000e+01 1.192819976806640625e+01 8.785000801086425781e+00
1.200000000000000000e+01 1.192819976806640625e+01 8.785000801086425781e+00
1.200000000000000000e+01 1.192819976806640625e+01 8.785000801086425781e+00
1.200000000000000000e+01 1.192819976806640625e+01 8.785000801086425781e+00
1.300000000000000000e+01 1.004951953887939453e+01 8.562936782836914062e+00
1.300000000000000000e+01 1.004951953887939453e+01 8.562936782836914062e+00
1.300000000000000000e+01 1.004951953887939453e+01 8.562936782836914062e+00
1.300000000000000000e+01 1.004951953887939453e+01 8.562936782836914062e+00
1.300000000000000000e+01 1.004951953887939453e+01 8.562936782836914062e+00
1.400000000000000000e+01 1.004027557373046875e+01 8.382958412170410156e+00
1.400000000000000000e+01 1.004027557373046875e+01 8.382958412170410156e+00
1.400000000000000000e+01 1.004027557373046875e+01 8.382958412170410156e+00
1.400000000000000000e+01 1.004027557373046875e+01 8.382958412170410156e+00
1.500000000000000000e+01 7.191272735595703125e+00 8.234930038452148438e+00
1.500000000000000000e+01 7.191272735595703125e+00 8.234930038452148438e+00
1.500000000000000000e+01 7.191272735595703125e+00 8.234930038452148438e+00
1.500000000000000000e+01 7.191272735595703125e+00 8.234930038452148438e+00
1.500000000000000000e+01 7.191272735595703125e+00 8.234930038452148438e+00
1.600000000000000000e+01 7.547579288482666016e+00 8.106886863708496094e+00
1.600000000000000000e+01 7.547579288482666016e+00 8.106886863708496094e+00
1.600000000000000000e+01 7.547579288482666016e+00 8.106886863708496094e+00
1.600000000000000000e+01 7.547579288482666016e+00 8.106886863708496094e+00
1.700000000000000000e+01 6.289218902587890625e+00 7.998035430908203125e+00
1.700000000000000000e+01 6.289218902587890625e+00 7.998035430908203125e+00
1.700000000000000000e+01 6.289218902587890625e+00 7.998035430908203125e+00
1.800000000000000000e+01 6.696364879608154297e+00 7.912034511566162109e+00
1.800000000000000000e+01 6.696364879608154297e+00 7.912034511566162109e+00
1.800000000000000000e+01 6.696364879608154297e+00 7.912034511566162109e+00
1.800000000000000000e+01 6.696364879608154297e+00 7.912034511566162109e+00
1.900000000000000000e+01 6.046295642852783203e+00 7.834123134613037109e+00
1.900000000000000000e+01 6.046295642852783203e+00 7.834123134613037109e+00
1.900000000000000000e+01 6.046295642852783203e+00 7.834123134613037109e+00
2.000000000000000000e+01 6.394179821014404297e+00 7.760847091674804688e+00
2.000000000000000000e+01 6.394179821014404297e+00 7.760847091674804688e+00
2.000000000000000000e+01 6.394179821014404297e+00 7.760847091674804688e+00
2.100000000000000000e+01 5.970054149627685547e+00 7.691646099090576172e+00
2.100000000000000000e+01 5.970054149627685547e+00 7.691646099090576172e+00
2.100000000000000000e+01 5.970054149627685547e+00 7.691646099090576172e+00
2.200000000000000000e+01 6.224424362182617188e+00 7.626180648803710938e+00
2.200000000000000000e+01 6.224424362182617188e+00 7.626180648803710938e+00
2.200000000000000000e+01 6.224424362182617188e+00 7.626180648803710938e+00
2.300000000000000000e+01 5.948528289794921875e+00 7.564118862152099609e+00
2.300000000000000000e+01 5.948528289794921875e+00 7.564118862152099609e+00
2.300000000000000000e+01 5.948528289794921875e+00 7.564118862152099609e+00
2.400000000000000000e+01 6.123353481292724609e+00 7.505163669586181641e+00
2.400000000000000000e+01 6.123353481292724609e+00 7.505163669586181641e+00
2.500000000000000000e+01 5.941950798034667969e+00 7.449122905731201172e+00
2.500000000000000000e+01 5.941950798034667969e+00 7.449122905731201172e+00
2.500000000000000000e+01 5.941950798034667969e+00 7.449122905731201172e+00
2.600000000000000000e+01 6.058033466339111328e+00 7.397546291351318359e+00
2.600000000000000000e+01 6.058033466339111328e+00 7.397546291351318359e+00
2.700000000000000000e+01 5.938088893890380859e+00 7.350060939788818359e+00
2.700000000000000000e+01 5.938088893890380859e+00 7.350060939788818359e+00
2.700000000000000000e+01 5.938088893890380859e+00 7.350060939788818359e+00
2.800000000000000000e+01 6.015429496765136719e+00 7.306705474853515625e+00
2.800000000000000000e+01 6.015429496765136719e+00 7.306705474853515625e+00
2.900000000000000000e+01 5.933032035827636719e+00 7.265584945678710938e+00
2.900000000000000000e+01 5.933032035827636719e+00 7.265584945678710938e+00
3.000000000000000000e+01 5.986618041992187500e+00 7.225950241088867188e+00
3.000000000000000000e+01 5.986618041992187500e+00 7.225950241088867188e+00
3.100000000000000000e+01 5.928596019744873047e+00 7.188698291778564453e+00
3.100000000000000000e+01 5.928596019744873047e+00 7.188698291778564453e+00
3.200000000000000000e+01 5.966963291168212891e+00 7.154081821441650391e+00
3.200000000000000000e+01 5.966963291168212891e+00 7.154081821441650391e+00
3.300000000000000000e+01 5.925312042236328125e+00 7.122066020965576172e+00
3.300000000000000000e+01 5.925312042236328125e+00 7.122066020965576172e+00
3.400000000000000000e+01 5.952188491821289062e+00 7.090896129608154297e+00
3.400000000000000000e+01 5.952188491821289062e+00 7.090896129608154297e+00
3.500000000000000000e+01 5.922396659851074219e+00 7.060771942138671875e+00
3.500000000000000000e+01 5.922396659851074219e+00 7.060771942138671875e+00
3.600000000000000000e+01 5.941231727600097656e+00 7.031485080718994141e+00
3.600000000000000000e+01 5.941231727600097656e+00 7.031485080718994141e+00
3.700000000000000000e+01 5.919172286987304688e+00 7.002923965454101562e+00
3.700000000000000000e+01 5.919172286987304688e+00 7.002923965454101562e+00
3.800000000000000000e+01 5.932531356811523438e+00 6.975132942199707031e+00
3.900000000000000000e+01 5.916483879089355469e+00 6.948087692260742188e+00
3.900000000000000000e+01 5.916483879089355469e+00 6.948087692260742188e+00
4.000000000000000000e+01 5.925731182098388672e+00 6.922021865844726562e+00
4.100000000000000000e+01 5.913928031921386719e+00 6.897094726562500000e+00
4.100000000000000000e+01 5.913928031921386719e+00 6.897094726562500000e+00
4.200000000000000000e+01 5.920464038848876953e+00 6.872663974761962891e+00
4.300000000000000000e+01 5.911561489105224609e+00 6.848876953125000000e+00
4.300000000000000000e+01 5.911561489105224609e+00 6.848876953125000000e+00
4.400000000000000000e+01 5.916270256042480469e+00 6.825751781463623047e+00
4.500000000000000000e+01 5.909563064575195312e+00 6.803256988525390625e+00
4.500000000000000000e+01 5.909563064575195312e+00 6.803256988525390625e+00
4.600000000000000000e+01 5.912802219390869141e+00 6.781230449676513672e+00
4.700000000000000000e+01 5.907808303833007812e+00 6.760661125183105469e+00
4.700000000000000000e+01 5.907808303833007812e+00 6.760661125183105469e+00
4.800000000000000000e+01 5.910075187683105469e+00 6.740598201751708984e+00
4.900000000000000000e+01 5.906274318695068359e+00 6.721008300781250000e+00
5.000000000000000000e+01 5.907800197601318359e+00 6.701818466186523438e+00
5.000000000000000000e+01 5.907800197601318359e+00 6.701818466186523438e+00
5.100000000000000000e+01 5.904881000518798828e+00 6.683624267578125000e+00
5.200000000000000000e+01 5.905941009521484375e+00 6.665977954864501953e+00
5.300000000000000000e+01 5.903682708740234375e+00 6.648660659790039062e+00
5.400000000000000000e+01 5.904424667358398438e+00 6.631597995758056641e+00
5.500000000000000000e+01 5.902660369873046875e+00 6.615034103393554688e+00
5.500000000000000000e+01 5.902660369873046875e+00 6.615034103393554688e+00
5.600000000000000000e+01 5.903143405914306641e+00 6.598721981048583984e+00
5.700000000000000000e+01 5.901791572570800781e+00 6.582731723785400391e+00
5.800000000000000000e+01 5.902069091796875000e+00 6.567059993743896484e+00
5.900000000000000000e+01 5.901002883911132812e+00 6.551651477813720703e+00
6.000000000000000000e+01 5.901188850402832031e+00 6.536514759063720703e+00
6.100000000000000000e+01 5.900349617004394531e+00 6.521838188171386719e+00
6.200000000000000000e+01 5.900444984436035156e+00 6.507409572601318359e+00
6.300000000000000000e+01 5.899754524230957031e+00 6.493247032165527344e+00
6.400000000000000000e+01 5.899784564971923828e+00 6.479396343231201172e+00
6.500000000000000000e+01 5.899260044097900391e+00 6.465798854827880859e+00
6.600000000000000000e+01 5.899253368377685547e+00 6.453295707702636719e+00
6.700000000000000000e+01 5.898818969726562500e+00 6.441101551055908203e+00
6.800000000000000000e+01 5.898770809173583984e+00 6.429180145263671875e+00
6.900000000000000000e+01 5.898447990417480469e+00 6.417479991912841797e+00
7.000000000000000000e+01 5.898385047912597656e+00 6.406068325042724609e+00
7.100000000000000000e+01 5.898110389709472656e+00 6.394803047180175781e+00
7.200000000000000000e+01 5.898053169250488281e+00 6.383810520172119141e+00
7.300000000000000000e+01 5.897824764251708984e+00 6.373007297515869141e+00
7.500000000000000000e+01 5.897578716278076172e+00 6.352013587951660156e+00
7.600000000000000000e+01 5.897518157958984375e+00 6.341790676116943359e+00
7.700000000000000000e+01 5.897362709045410156e+00 6.331882476806640625e+00
7.800000000000000000e+01 5.897312164306640625e+00 6.322143554687500000e+00
7.900000000000000000e+01 5.897169589996337891e+00 6.312529087066650391e+00
8.100000000000000000e+01 5.897013664245605469e+00 6.294197559356689453e+00
8.200000000000000000e+01 5.896966934204101562e+00 6.285335540771484375e+00
8.300000000000000000e+01 5.896870136260986328e+00 6.276604652404785156e+00
8.400000000000000000e+01 5.896832466125488281e+00 6.268096446990966797e+00
8.600000000000000000e+01 5.896710872650146484e+00 6.251450061798095703e+00
8.700000000000000000e+01 5.896644115447998047e+00 6.243371009826660156e+00
8.900000000000000000e+01 5.896554470062255859e+00 6.227662563323974609e+00
9.000000000000000000e+01 5.896518707275390625e+00 6.220103263854980469e+00
9.100000000000000000e+01 5.896472930908203125e+00 6.212589263916015625e+00
9.300000000000000000e+01 5.896404266357421875e+00 6.198032379150390625e+00
9.400000000000000000e+01 5.896376132965087891e+00 6.190948486328125000e+00
9.600000000000000000e+01 5.896316528320312500e+00 6.178081035614013672e+00
9.700000000000000000e+01 5.896289825439453125e+00 6.172171115875244141e+00
9.900000000000000000e+01 5.896243095397949219e+00 6.160617828369140625e+00
1.000000000000000000e+02 5.896225452423095703e+00 6.154951095581054688e+00
1.020000000000000000e+02 5.896187305450439453e+00 6.144070625305175781e+00
1.030000000000000000e+02 5.896169662475585938e+00 6.138791561126708984e+00
1.050000000000000000e+02 5.896139144897460938e+00 6.128452301025390625e+00
1.070000000000000000e+02 5.896111965179443359e+00 6.118512630462646484e+00
1.080000000000000000e+02 5.896100521087646484e+00 6.113664627075195312e+00
1.100000000000000000e+02 5.896078109741210938e+00 6.104201793670654297e+00
1.120000000000000000e+02 5.896061420440673828e+00 6.095541477203369141e+00
1.140000000000000000e+02 5.896044254302978516e+00 6.087857723236083984e+00
1.150000000000000000e+02 5.896036148071289062e+00 6.084107875823974609e+00
1.170000000000000000e+02 5.896023750305175781e+00 6.076837539672851562e+00
1.190000000000000000e+02 5.896013736724853516e+00 6.069755077362060547e+00
1.210000000000000000e+02 5.896002292633056641e+00 6.062876701354980469e+00
1.230000000000000000e+02 5.895994186401367188e+00 6.056272983551025391e+00
1.250000000000000000e+02 5.895987033843994141e+00 6.049861431121826172e+00
1.270000000000000000e+02 5.895980834960937500e+00 6.043693065643310547e+00
1.290000000000000000e+02 5.895974159240722656e+00 6.037696361541748047e+00
1.310000000000000000e+02 5.895967960357666016e+00 6.032100677490234375e+00
1.330000000000000000e+02 5.895964145660400391e+00 6.026921272277832031e+00
1.350000000000000000e+02 5.895960807800292969e+00 6.021906852722167969e+00
1.370000000000000000e+02 5.895956039428710938e+00 6.017059326171875000e+00
1.390000000000000000e+02 5.895951747894287109e+00 6.012374877929687500e+00
1.410000000000000000e+02 5.895949840545654297e+00 6.007778167724609375e+00
1.430000000000000000e+02 5.895948410034179688e+00 6.003358840942382812e+00
1.460000000000000000e+02 5.895946025848388672e+00 5.996969223022460938e+00
1.480000000000000000e+02 5.895944595336914062e+00 5.992856502532958984e+00
1.500000000000000000e+02 5.895943641662597656e+00 5.988880157470703125e+00
1.530000000000000000e+02 5.895941257476806641e+00 5.983098983764648438e+00
1.550000000000000000e+02 5.895940780639648438e+00 5.979339599609375000e+00
1.570000000000000000e+02 5.895940780639648438e+00 5.975782394409179688e+00
1.600000000000000000e+02 5.895938873291015625e+00 5.970526695251464844e+00
1.620000000000000000e+02 5.895937919616699219e+00 5.967187404632568359e+00
1.650000000000000000e+02 5.895936965942382812e+00 5.962270736694335938e+00
1.670000000000000000e+02 5.895937442779541016e+00 5.959167480468750000e+00
1.700000000000000000e+02 5.895935535430908203e+00 5.954603195190429688e+00
1.730000000000000000e+02 5.895936489105224609e+00 5.950258731842041016e+00
1.750000000000000000e+02 5.895936489105224609e+00 5.947426319122314453e+00
1.780000000000000000e+02 5.895935058593750000e+00 5.943364143371582031e+00
1.810000000000000000e+02 5.895934581756591797e+00 5.939439773559570312e+00
1.840000000000000000e+02 5.895934581756591797e+00 5.935680389404296875e+00
1.870000000000000000e+02 5.895934581756591797e+00 5.932067871093750000e+00
1.900000000000000000e+02 5.895933628082275391e+00 5.928612709045410156e+00
1.930000000000000000e+02 5.895934581756591797e+00 5.925290584564208984e+00
1.960000000000000000e+02 5.895934581756591797e+00 5.922110557556152344e+00
1.990000000000000000e+02 5.895935058593750000e+00 5.919023513793945312e+00
2.020000000000000000e+02 5.895934581756591797e+00 5.916089534759521484e+00
2.050000000000000000e+02 5.895935058593750000e+00 5.913247585296630859e+00
2.080000000000000000e+02 5.895934581756591797e+00 5.910535812377929688e+00
2.110000000000000000e+02 5.895934581756591797e+00 5.908021926879882812e+00
2.150000000000000000e+02 5.895933628082275391e+00 5.904772758483886719e+00
2.180000000000000000e+02 5.895934581756591797e+00 5.902464389801025391e+00
2.210000000000000000e+02 5.895933151245117188e+00 5.900225162506103516e+00
2.250000000000000000e+02 5.895934581756591797e+00 5.897373676300048828e+00
2.280000000000000000e+02 5.895933628082275391e+00 5.895334243774414062e+00
2.320000000000000000e+02 5.895933628082275391e+00 5.892728805541992188e+00
2.360000000000000000e+02 5.895934581756591797e+00 5.890234947204589844e+00
2.390000000000000000e+02 5.895934581756591797e+00 5.888444900512695312e+00
2.430000000000000000e+02 5.895933628082275391e+00 5.886154174804687500e+00
2.470000000000000000e+02 5.895933628082275391e+00 5.883968353271484375e+00
2.510000000000000000e+02 5.895934581756591797e+00 5.881873130798339844e+00
2.550000000000000000e+02 5.895934581756591797e+00 5.879884719848632812e+00
2.590000000000000000e+02 5.895934581756591797e+00 5.877973079681396484e+00
2.630000000000000000e+02 5.895933628082275391e+00 5.876165390014648438e+00
2.670000000000000000e+02 5.895934581756591797e+00 5.874426841735839844e+00
2.710000000000000000e+02 5.895933628082275391e+00 5.872759819030761719e+00
2.750000000000000000e+02 5.895933628082275391e+00 5.871154785156250000e+00
2.790000000000000000e+02 5.895933628082275391e+00 5.869628429412841797e+00
2.840000000000000000e+02 5.895933628082275391e+00 5.867810249328613281e+00
2.880000000000000000e+02 5.895934581756591797e+00 5.866420269012451172e+00
2.930000000000000000e+02 5.895933628082275391e+00 5.864761829376220703e+00
2.970000000000000000e+02 5.895934581756591797e+00 5.863497734069824219e+00
3.020000000000000000e+02 5.895934581756591797e+00 5.861993312835693359e+00
3.070000000000000000e+02 5.895934581756591797e+00 5.860565662384033203e+00
3.110000000000000000e+02 5.895934581756591797e+00 5.859479427337646484e+00
3.160000000000000000e+02 5.895934581756591797e+00 5.858182430267333984e+00
3.210000000000000000e+02 5.895934581756591797e+00 5.856946468353271484e+00
3.260000000000000000e+02 5.895934581756591797e+00 5.855775833129882812e+00
3.310000000000000000e+02 5.895933628082275391e+00 5.854658603668212891e+00
3.360000000000000000e+02 5.895933628082275391e+00 5.853595733642578125e+00
3.420000000000000000e+02 5.895933628082275391e+00 5.852385997772216797e+00
3.470000000000000000e+02 5.895933628082275391e+00 5.851425170898437500e+00
3.530000000000000000e+02 5.895933628082275391e+00 5.850335121154785156e+00
3.580000000000000000e+02 5.895934581756591797e+00 5.849474430084228516e+00
3.640000000000000000e+02 5.895935058593750000e+00 5.848486423492431641e+00
3.690000000000000000e+02 5.895933628082275391e+00 5.847710132598876953e+00
3.750000000000000000e+02 5.895934581756591797e+00 5.846817016601562500e+00
3.810000000000000000e+02 5.895934581756591797e+00 5.845977783203125000e+00
3.870000000000000000e+02 5.895933628082275391e+00 5.845179557800292969e+00
3.930000000000000000e+02 5.895934581756591797e+00 5.844419956207275391e+00
3.990000000000000000e+02 5.895934581756591797e+00 5.843702316284179688e+00
4.050000000000000000e+02 5.895934581756591797e+00 5.843024253845214844e+00
4.120000000000000000e+02 5.895934581756591797e+00 5.842272758483886719e+00
4.180000000000000000e+02 5.895934581756591797e+00 5.841667652130126953e+00
4.250000000000000000e+02 5.895934581756591797e+00 5.840998649597167969e+00
4.310000000000000000e+02 5.895934581756591797e+00 5.840455532073974609e+00
4.380000000000000000e+02 5.895934581756591797e+00 5.839857101440429688e+00
4.450000000000000000e+02 5.895934581756591797e+00 5.839296340942382812e+00
4.520000000000000000e+02 5.895934581756591797e+00 5.838764190673828125e+00
4.590000000000000000e+02 5.895934581756591797e+00 5.838260650634765625e+00
4.660000000000000000e+02 5.895934581756591797e+00 5.837790966033935547e+00
4.730000000000000000e+02 5.895934581756591797e+00 5.837346076965332031e+00
4.810000000000000000e+02 5.895934581756591797e+00 5.836870193481445312e+00
4.880000000000000000e+02 5.895934581756591797e+00 5.836479663848876953e+00
4.960000000000000000e+02 5.895934581756591797e+00 5.836057662963867188e+00
5.030000000000000000e+02 5.895933628082275391e+00 5.835713386535644531e+00
5.110000000000000000e+02 5.895934581756591797e+00 5.835340499877929688e+00
5.190000000000000000e+02 5.895934581756591797e+00 5.834989547729492188e+00
5.270000000000000000e+02 5.895934581756591797e+00 5.834660530090332031e+00
5.360000000000000000e+02 5.895934581756591797e+00 5.834313869476318359e+00
5.440000000000000000e+02 5.895934581756591797e+00 5.834024429321289062e+00
5.530000000000000000e+02 5.895934581756591797e+00 5.833721160888671875e+00
5.610000000000000000e+02 5.895934581756591797e+00 5.833467960357666016e+00
5.700000000000000000e+02 5.895934581756591797e+00 5.833200454711914062e+00
5.790000000000000000e+02 5.895934581756591797e+00 5.832951545715332031e+00
5.880000000000000000e+02 5.895934581756591797e+00 5.832720279693603516e+00
5.970000000000000000e+02 5.895934581756591797e+00 5.832504272460937500e+00
6.060000000000000000e+02 5.895934581756591797e+00 5.832300186157226562e+00
6.160000000000000000e+02 5.895934581756591797e+00 5.832090377807617188e+00
6.250000000000000000e+02 5.895934581756591797e+00 5.831914901733398438e+00
6.350000000000000000e+02 5.895934581756591797e+00 5.831732273101806641e+00
6.450000000000000000e+02 5.895934581756591797e+00 5.831566333770751953e+00
6.550000000000000000e+02 5.895933628082275391e+00 5.831408500671386719e+00
6.650000000000000000e+02 5.895934581756591797e+00 5.831262111663818359e+00
6.760000000000000000e+02 5.895934581756591797e+00 5.831114292144775391e+00
6.860000000000000000e+02 5.895934581756591797e+00 5.830987453460693359e+00
6.970000000000000000e+02 5.895934581756591797e+00 5.830860614776611328e+00
7.080000000000000000e+02 5.895934581756591797e+00 5.830745220184326172e+00
7.190000000000000000e+02 5.895934581756591797e+00 5.830634117126464844e+00
7.300000000000000000e+02 5.895934581756591797e+00 5.830533504486083984e+00
7.420000000000000000e+02 5.895934581756591797e+00 5.830431938171386719e+00
7.530000000000000000e+02 5.895933628082275391e+00 5.830348014831542969e+00
7.650000000000000000e+02 5.895933628082275391e+00 5.830259323120117188e+00
7.770000000000000000e+02 5.895934581756591797e+00 5.830180168151855469e+00
7.890000000000000000e+02 5.895934581756591797e+00 5.830110073089599609e+00
8.010000000000000000e+02 5.895934581756591797e+00 5.830041885375976562e+00
8.140000000000000000e+02 5.895934581756591797e+00 5.829977035522460938e+00
8.270000000000000000e+02 5.895934581756591797e+00 5.829915046691894531e+00
8.390000000000000000e+02 5.895933628082275391e+00 5.829862594604492188e+00
8.530000000000000000e+02 5.895934581756591797e+00 5.829809665679931641e+00
8.660000000000000000e+02 5.895934581756591797e+00 5.829762458801269531e+00
8.790000000000000000e+02 5.895933628082275391e+00 5.829720020294189453e+00
8.930000000000000000e+02 5.895934581756591797e+00 5.829678535461425781e+00
9.070000000000000000e+02 5.895934581756591797e+00 5.829641342163085938e+00
9.210000000000000000e+02 5.895934581756591797e+00 5.829607963562011719e+00
9.360000000000000000e+02 5.895934581756591797e+00 5.829572677612304688e+00
9.500000000000000000e+02 5.895934581756591797e+00 5.829545497894287109e+00
9.650000000000000000e+02 5.895934581756591797e+00 5.829515457153320312e+00
9.800000000000000000e+02 5.895933628082275391e+00 5.829493999481201172e+00
9.950000000000000000e+02 5.895934581756591797e+00 5.829472064971923828e+00
1.011000000000000000e+03 5.895934581756591797e+00 5.829451084136962891e+00
1.027000000000000000e+03 5.895934581756591797e+00 5.829431533813476562e+00
1.043000000000000000e+03 5.895933628082275391e+00 5.829415798187255859e+00
1.059000000000000000e+03 5.895933628082275391e+00 5.829400062561035156e+00
1.075000000000000000e+03 5.895933628082275391e+00 5.829385280609130859e+00
1.092000000000000000e+03 5.895934581756591797e+00 5.829373359680175781e+00
1.109000000000000000e+03 5.895934581756591797e+00 5.829361438751220703e+00
1.127000000000000000e+03 5.895934581756591797e+00 5.829347610473632812e+00
1.144000000000000000e+03 5.895934581756591797e+00 5.829339027404785156e+00
1.162000000000000000e+03 5.895934581756591797e+00 5.829330444335937500e+00
1.180000000000000000e+03 5.895934581756591797e+00 5.829323768615722656e+00
1.199000000000000000e+03 5.895934581756591797e+00 5.829313755035400391e+00
1.217000000000000000e+03 5.895934581756591797e+00 5.829306602478027344e+00
1.236000000000000000e+03 5.895934581756591797e+00 5.829299449920654297e+00
1.256000000000000000e+03 5.895934581756591797e+00 5.829295635223388672e+00
1.275000000000000000e+03 5.895934581756591797e+00 5.829290866851806641e+00
1.295000000000000000e+03 5.895934581756591797e+00 5.829287528991699219e+00
1.315000000000000000e+03 5.895934581756591797e+00 5.829284191131591797e+00
1.336000000000000000e+03 5.895934581756591797e+00 5.829282760620117188e+00
1.357000000000000000e+03 5.895934581756591797e+00 5.829280376434326172e+00
1.378000000000000000e+03 5.895934581756591797e+00 5.829276561737060547e+00
1.399000000000000000e+03 5.895934581756591797e+00 5.829276561737060547e+00
1.421000000000000000e+03 5.895934581756591797e+00 5.829275131225585938e+00
1.443000000000000000e+03 5.895934581756591797e+00 5.829274177551269531e+00
1.466000000000000000e+03 5.895934581756591797e+00 5.829273223876953125e+00
1.489000000000000000e+03 5.895934581756591797e+00 5.829271316528320312e+00
1.512000000000000000e+03 5.895934581756591797e+00 5.829270839691162109e+00
1.536000000000000000e+03 5.895934581756591797e+00 5.829270839691162109e+00
1.560000000000000000e+03 5.895934581756591797e+00 5.829269409179687500e+00
1.584000000000000000e+03 5.895934581756591797e+00 5.829267978668212891e+00
1.609000000000000000e+03 5.895934581756591797e+00 5.829267501831054688e+00
1.634000000000000000e+03 5.895934581756591797e+00 5.829268932342529297e+00
1.659000000000000000e+03 5.895934581756591797e+00 5.829267501831054688e+00
1.685000000000000000e+03 5.895934581756591797e+00 5.829267024993896484e+00
1.711000000000000000e+03 5.895934581756591797e+00 5.829267024993896484e+00
1.738000000000000000e+03 5.895934581756591797e+00 5.829266548156738281e+00
1.765000000000000000e+03 5.895934581756591797e+00 5.829267501831054688e+00
1.793000000000000000e+03 5.895934581756591797e+00 5.829267501831054688e+00
1.821000000000000000e+03 5.895933628082275391e+00 5.829267024993896484e+00
1.849000000000000000e+03 5.895933628082275391e+00 5.829267501831054688e+00
1.878000000000000000e+03 5.895934581756591797e+00 5.829267024993896484e+00
1.907000000000000000e+03 5.895934581756591797e+00 5.829265594482421875e+00
1.937000000000000000e+03 5.895934581756591797e+00 5.829265117645263672e+00
1.967000000000000000e+03 5.895933628082275391e+00 5.829264640808105469e+00
1.998000000000000000e+03 5.895934581756591797e+00 5.829263210296630859e+00
2.029000000000000000e+03 5.895934581756591797e+00 5.829263210296630859e+00
2.061000000000000000e+03 5.895934581756591797e+00 5.829263687133789062e+00
2.093000000000000000e+03 5.895934581756591797e+00 5.829263210296630859e+00
2.126000000000000000e+03 5.895934581756591797e+00 5.829263210296630859e+00
2.159000000000000000e+03 5.895934581756591797e+00 5.829263687133789062e+00
2.192000000000000000e+03 5.895934581756591797e+00 5.829263210296630859e+00
2.227000000000000000e+03 5.895934581756591797e+00 5.829263687133789062e+00
2.261000000000000000e+03 5.895934581756591797e+00 5.829263210296630859e+00
2.297000000000000000e+03 5.895934581756591797e+00 5.829263687133789062e+00
2.333000000000000000e+03 5.895934581756591797e+00 5.829263210296630859e+00
2.369000000000000000e+03 5.895934581756591797e+00 5.829263210296630859e+00
2.406000000000000000e+03 5.895934581756591797e+00 5.829263687133789062e+00
2.443000000000000000e+03 5.895934581756591797e+00 5.829264640808105469e+00
2.482000000000000000e+03 5.895934581756591797e+00 5.829263687133789062e+00
2.520000000000000000e+03 5.895934581756591797e+00 5.829263687133789062e+00
2.560000000000000000e+03 5.895934581756591797e+00 5.829263687133789062e+00
2.600000000000000000e+03 5.895933628082275391e+00 5.829263687133789062e+00
2.640000000000000000e+03 5.895934581756591797e+00 5.829263687133789062e+00
2.681000000000000000e+03 5.895934581756591797e+00 5.829262733459472656e+00
2.723000000000000000e+03 5.895934581756591797e+00 5.829262733459472656e+00
2.766000000000000000e+03 5.895934581756591797e+00 5.829263687133789062e+00
2.809000000000000000e+03 5.895934581756591797e+00 5.829262733459472656e+00
2.853000000000000000e+03 5.895934581756591797e+00 5.829262733459472656e+00
2.897000000000000000e+03 5.895934581756591797e+00 5.829262733459472656e+00
2.942000000000000000e+03 5.895934581756591797e+00 5.829262733459472656e+00
2.988000000000000000e+03 5.895933628082275391e+00 5.829262733459472656e+00
3.035000000000000000e+03 5.895934581756591797e+00 5.829262733459472656e+00
3.082000000000000000e+03 5.895934581756591797e+00 5.829262733459472656e+00
3.130000000000000000e+03 5.895934581756591797e+00 5.829262256622314453e+00
3.179000000000000000e+03 5.895934581756591797e+00 5.829262733459472656e+00
3.229000000000000000e+03 5.895934581756591797e+00 5.829261302947998047e+00
3.279000000000000000e+03 5.895934581756591797e+00 5.829262733459472656e+00
3.330000000000000000e+03 5.895934581756591797e+00 5.829263210296630859e+00
3.382000000000000000e+03 5.895934581756591797e+00 5.829263210296630859e+00
3.435000000000000000e+03 5.895934581756591797e+00 5.829263210296630859e+00
3.489000000000000000e+03 5.895934581756591797e+00 5.829263210296630859e+00
3.543000000000000000e+03 5.895934581756591797e+00 5.829263210296630859e+00
3.598000000000000000e+03 5.895934581756591797e+00 5.829263210296630859e+00
3.654000000000000000e+03 5.895934581756591797e+00 5.829263210296630859e+00
3.711000000000000000e+03 5.895934581756591797e+00 5.829263210296630859e+00
3.769000000000000000e+03 5.895934581756591797e+00 5.829262733459472656e+00
3.828000000000000000e+03 5.895934581756591797e+00 5.829262733459472656e+00
3.888000000000000000e+03 5.895934581756591797e+00 5.829262256622314453e+00
3.948000000000000000e+03 5.895934581756591797e+00 5.829262256622314453e+00
4.010000000000000000e+03 5.895934581756591797e+00 5.829262256622314453e+00
4.073000000000000000e+03 5.895934581756591797e+00 5.829262733459472656e+00
4.136000000000000000e+03 5.895935058593750000e+00 5.829262256622314453e+00
4.201000000000000000e+03 5.895934581756591797e+00 5.829261302947998047e+00
4.266000000000000000e+03 5.895934581756591797e+00 5.829261302947998047e+00
4.333000000000000000e+03 5.895934581756591797e+00 5.829261302947998047e+00
4.400000000000000000e+03 5.895934581756591797e+00 5.829261302947998047e+00
4.469000000000000000e+03 5.895934581756591797e+00 5.829260826110839844e+00
4.539000000000000000e+03 5.895934581756591797e+00 5.829260826110839844e+00
4.610000000000000000e+03 5.895934581756591797e+00 5.829260826110839844e+00
4.682000000000000000e+03 5.895933628082275391e+00 5.829261302947998047e+00
4.755000000000000000e+03 5.895934581756591797e+00 5.829261302947998047e+00
4.829000000000000000e+03 5.895934581756591797e+00 5.829260826110839844e+00
4.904000000000000000e+03 5.895934581756591797e+00 5.829260349273681641e+00
4.981000000000000000e+03 5.895934581756591797e+00 5.829260349273681641e+00
5.058000000000000000e+03 5.895934581756591797e+00 5.829260349273681641e+00
5.137000000000000000e+03 5.895934581756591797e+00 5.829260349273681641e+00
5.217000000000000000e+03 5.895933628082275391e+00 5.829260349273681641e+00
5.299000000000000000e+03 5.895934581756591797e+00 5.829260349273681641e+00
5.381000000000000000e+03 5.895933628082275391e+00 5.829259872436523438e+00
5.465000000000000000e+03 5.895934581756591797e+00 5.829260349273681641e+00
5.551000000000000000e+03 5.895934581756591797e+00 5.829260349273681641e+00
5.637000000000000000e+03 5.895934581756591797e+00 5.829259872436523438e+00
5.725000000000000000e+03 5.895934581756591797e+00 5.829259872436523438e+00
5.814000000000000000e+03 5.895933628082275391e+00 5.829259872436523438e+00
5.905000000000000000e+03 5.895934581756591797e+00 5.829259872436523438e+00
5.997000000000000000e+03 5.895933628082275391e+00 5.829259872436523438e+00
6.091000000000000000e+03 5.895934581756591797e+00 5.829259872436523438e+00
6.186000000000000000e+03 5.895934581756591797e+00 5.829260349273681641e+00
6.282000000000000000e+03 5.895934581756591797e+00 5.829259872436523438e+00
6.380000000000000000e+03 5.895934581756591797e+00 5.829260349273681641e+00
6.480000000000000000e+03 5.895934581756591797e+00 5.829260349273681641e+00
6.581000000000000000e+03 5.895934581756591797e+00 5.829259872436523438e+00
6.684000000000000000e+03 5.895934581756591797e+00 5.829259872436523438e+00
6.788000000000000000e+03 5.895934581756591797e+00 5.829259872436523438e+00
6.894000000000000000e+03 5.895934581756591797e+00 5.829260826110839844e+00
7.001000000000000000e+03 5.895934581756591797e+00 5.829260349273681641e+00
7.111000000000000000e+03 5.895934581756591797e+00 5.829259872436523438e+00
7.222000000000000000e+03 5.895934581756591797e+00 5.829260349273681641e+00
7.334000000000000000e+03 5.895934581756591797e+00 5.829260349273681641e+00
7.449000000000000000e+03 5.895933628082275391e+00 5.829260349273681641e+00
7.565000000000000000e+03 5.895933628082275391e+00 5.829259872436523438e+00
7.683000000000000000e+03 5.895934581756591797e+00 5.829259872436523438e+00
7.803000000000000000e+03 5.895934581756591797e+00 5.829259872436523438e+00
7.924000000000000000e+03 5.895934581756591797e+00 5.829259872436523438e+00
8.048000000000000000e+03 5.895933628082275391e+00 5.829259872436523438e+00
8.174000000000000000e+03 5.895934581756591797e+00 5.829259872436523438e+00
8.301000000000000000e+03 5.895934581756591797e+00 5.829259872436523438e+00
8.431000000000000000e+03 5.895934581756591797e+00 5.829259872436523438e+00
8.562000000000000000e+03 5.895934581756591797e+00 5.829259872436523438e+00
8.696000000000000000e+03 5.895934581756591797e+00 5.829259872436523438e+00
8.831000000000000000e+03 5.895934581756591797e+00 5.829259872436523438e+00
8.969000000000000000e+03 5.895934581756591797e+00 5.829258918762207031e+00
9.109000000000000000e+03 5.895934581756591797e+00 5.829259872436523438e+00
9.251000000000000000e+03 5.895934581756591797e+00 5.829259872436523438e+00
9.395000000000000000e+03 5.895934581756591797e+00 5.829259872436523438e+00
9.542000000000000000e+03 5.895934581756591797e+00 5.829260349273681641e+00
9.691000000000000000e+03 5.895934581756591797e+00 5.829259872436523438e+00
9.842000000000000000e+03 5.895934581756591797e+00 5.829259872436523438e+00
9.996000000000000000e+03 5.895934581756591797e+00 5.829259872436523438e+00
1.015200000000000000e+04 5.895934581756591797e+00 5.829259872436523438e+00
1.031000000000000000e+04 5.895934581756591797e+00 5.829259872436523438e+00
1.047100000000000000e+04 5.895934581756591797e+00 5.829259872436523438e+00
1.063400000000000000e+04 5.895934581756591797e+00 5.829259872436523438e+00
1.080000000000000000e+04 5.895934581756591797e+00 5.829258918762207031e+00
1.096800000000000000e+04 5.895934581756591797e+00 5.829258918762207031e+00
1.114000000000000000e+04 5.895934581756591797e+00 5.829258918762207031e+00
1.131300000000000000e+04 5.895934581756591797e+00 5.829258918762207031e+00
1.149000000000000000e+04 5.895934581756591797e+00 5.829258918762207031e+00
1.166900000000000000e+04 5.895934581756591797e+00 5.829258918762207031e+00
1.185100000000000000e+04 5.895934581756591797e+00 5.829258918762207031e+00
1.203600000000000000e+04 5.895934581756591797e+00 5.829259872436523438e+00
1.222400000000000000e+04 5.895934581756591797e+00 5.829258918762207031e+00
1.241400000000000000e+04 5.895934581756591797e+00 5.829258918762207031e+00
1.260800000000000000e+04 5.895934581756591797e+00 5.829258918762207031e+00
1.280500000000000000e+04 5.895934581756591797e+00 5.829258918762207031e+00
1.300500000000000000e+04 5.895934581756591797e+00 5.829258441925048828e+00
1.320700000000000000e+04 5.895934581756591797e+00 5.829258918762207031e+00
1.341300000000000000e+04 5.895933628082275391e+00 5.829258918762207031e+00
1.362300000000000000e+04 5.895934581756591797e+00 5.829258918762207031e+00
1.383500000000000000e+04 5.895934581756591797e+00 5.829259872436523438e+00
1.405100000000000000e+04 5.895934581756591797e+00 5.829258918762207031e+00
1.427000000000000000e+04 5.895934581756591797e+00 5.829258918762207031e+00
1.449300000000000000e+04 5.895934581756591797e+00 5.829258918762207031e+00
1.471900000000000000e+04 5.895934581756591797e+00 5.829258918762207031e+00
1.494900000000000000e+04 5.895934581756591797e+00 5.829258441925048828e+00
1.518200000000000000e+04 5.895934581756591797e+00 5.829258918762207031e+00
1.541900000000000000e+04 5.895934581756591797e+00 5.829258918762207031e+00
1.565900000000000000e+04 5.895935058593750000e+00 5.829258918762207031e+00
1.590300000000000000e+04 5.895934581756591797e+00 5.829258918762207031e+00
1.615100000000000000e+04 5.895935058593750000e+00 5.829258441925048828e+00
1.640300000000000000e+04 5.895935058593750000e+00 5.829258441925048828e+00
1.665900000000000000e+04 5.895934581756591797e+00 5.829258918762207031e+00
1.691900000000000000e+04 5.895935058593750000e+00 5.829258918762207031e+00
1.718300000000000000e+04 5.895934581756591797e+00 5.829258918762207031e+00
1.745100000000000000e+04 5.895933628082275391e+00 5.829258441925048828e+00
1.772300000000000000e+04 5.895935058593750000e+00 5.829258441925048828e+00
1.800000000000000000e+04 5.895934581756591797e+00 5.829258918762207031e+00
1.828100000000000000e+04 5.895934581756591797e+00 5.829258441925048828e+00
1.856600000000000000e+04 5.895934581756591797e+00 5.829257965087890625e+00
1.885600000000000000e+04 5.895934581756591797e+00 5.829257965087890625e+00
1.915000000000000000e+04 5.895934581756591797e+00 5.829258441925048828e+00
1.944800000000000000e+04 5.895934581756591797e+00 5.829257965087890625e+00
1.975200000000000000e+04 5.895934581756591797e+00 5.829258441925048828e+00
2.006000000000000000e+04 5.895934581756591797e+00 5.829257965087890625e+00
2.037300000000000000e+04 5.895935058593750000e+00 5.829258441925048828e+00
2.069100000000000000e+04 5.895935058593750000e+00 5.829257965087890625e+00
2.101300000000000000e+04 5.895935058593750000e+00 5.829258441925048828e+00
2.134100000000000000e+04 5.895934581756591797e+00 5.829258441925048828e+00
2.167400000000000000e+04 5.895934581756591797e+00 5.829258441925048828e+00
2.201200000000000000e+04 5.895934581756591797e+00 5.829258918762207031e+00
2.235600000000000000e+04 5.895934581756591797e+00 5.829258441925048828e+00
2.270400000000000000e+04 5.895935058593750000e+00 5.829258441925048828e+00
2.305900000000000000e+04 5.895934581756591797e+00 5.829258441925048828e+00
2.341800000000000000e+04 5.895935058593750000e+00 5.829258441925048828e+00
2.378400000000000000e+04 5.895935058593750000e+00 5.829258441925048828e+00
2.415500000000000000e+04 5.895934581756591797e+00 5.829258441925048828e+00
2.453100000000000000e+04 5.895934581756591797e+00 5.829258918762207031e+00
2.491400000000000000e+04 5.895934581756591797e+00 5.829258441925048828e+00
2.530300000000000000e+04 5.895934581756591797e+00 5.829258441925048828e+00
2.569700000000000000e+04 5.895934581756591797e+00 5.829258441925048828e+00
2.609800000000000000e+04 5.895934581756591797e+00 5.829258441925048828e+00
2.650500000000000000e+04 5.895935058593750000e+00 5.829258441925048828e+00
2.691900000000000000e+04 5.895934581756591797e+00 5.829258441925048828e+00
2.733900000000000000e+04 5.895934581756591797e+00 5.829258441925048828e+00
2.776500000000000000e+04 5.895934581756591797e+00 5.829258441925048828e+00
2.819800000000000000e+04 5.895934581756591797e+00 5.829258441925048828e+00
2.863800000000000000e+04 5.895934581756591797e+00 5.829258441925048828e+00
2.908500000000000000e+04 5.895934581756591797e+00 5.829258441925048828e+00
2.953900000000000000e+04 5.895934581756591797e+00 5.829258441925048828e+00
3.000000000000000000e+04 5.895934581756591797e+00 5.829258441925048828e+00
3.046800000000000000e+04 5.895934581756591797e+00 5.829258441925048828e+00
3.094300000000000000e+04 5.895934581756591797e+00 5.829258441925048828e+00
3.142600000000000000e+04 5.895934581756591797e+00 5.829258441925048828e+00
3.191600000000000000e+04 5.895934581756591797e+00 5.829258441925048828e+00
3.241400000000000000e+04 5.895934581756591797e+00 5.829258441925048828e+00
3.291900000000000000e+04 5.895934581756591797e+00 5.829258441925048828e+00
3.343300000000000000e+04 5.895934581756591797e+00 5.829258441925048828e+00
3.395400000000000000e+04 5.895934581756591797e+00 5.829258441925048828e+00
3.448400000000000000e+04 5.895933628082275391e+00 5.829258441925048828e+00
3.502200000000000000e+04 5.895934581756591797e+00 5.829258441925048828e+00
3.556800000000000000e+04 5.895934581756591797e+00 5.829258441925048828e+00
3.612300000000000000e+04 5.895933628082275391e+00 5.829258441925048828e+00
3.668700000000000000e+04 5.895934581756591797e+00 5.829258441925048828e+00
3.725900000000000000e+04 5.895934581756591797e+00 5.829258441925048828e+00
3.784000000000000000e+04 5.895935058593750000e+00 5.829258441925048828e+00
3.843000000000000000e+04 5.895934581756591797e+00 5.829258441925048828e+00
3.903000000000000000e+04 5.895933628082275391e+00 5.829257965087890625e+00
3.963900000000000000e+04 5.895934581756591797e+00 5.829258441925048828e+00
4.025700000000000000e+04 5.895933628082275391e+00 5.829258441925048828e+00
4.088500000000000000e+04 5.895933628082275391e+00 5.829258441925048828e+00
4.152300000000000000e+04 5.895934581756591797e+00 5.829258441925048828e+00
4.217100000000000000e+04 5.895934581756591797e+00 5.829258918762207031e+00
4.282800000000000000e+04 5.895934581756591797e+00 5.829258918762207031e+00
4.349700000000000000e+04 5.895934581756591797e+00 5.829258441925048828e+00
4.417500000000000000e+04 5.895934581756591797e+00 5.829258441925048828e+00
4.486400000000000000e+04 5.895934581756591797e+00 5.829258441925048828e+00
4.556400000000000000e+04 5.895935058593750000e+00 5.829258441925048828e+00
4.627500000000000000e+04 5.895934581756591797e+00 5.829257011413574219e+00
4.699700000000000000e+04 5.895934581756591797e+00 5.829258918762207031e+00
4.773000000000000000e+04 5.895934581756591797e+00 5.829257965087890625e+00
4.847400000000000000e+04 5.895934581756591797e+00 5.829259872436523438e+00
4.923100000000000000e+04 5.895935058593750000e+00 5.829258918762207031e+00
4.999900000000000000e+04 5.895934581756591797e+00 5.829257965087890625e+00
