sv conv fc
3.093283081054687500e+02 3.220478892326354980e-01 9.467234015464782715e-01
3.073315429687500000e+02 3.023791909217834473e-01 9.531877040863037109e-01
3.061842651367187500e+02 2.913056313991546631e-01 9.566299915313720703e-01
3.048404541015625000e+02 2.766302227973937988e-01 9.609764814376831055e-01
3.041185302734375000e+02 2.681164741516113281e-01 9.633865356445312500e-01
3.033747558593750000e+02 2.593838870525360107e-01 9.657742977142333984e-01
3.030028991699218750e+02 2.548926770687103271e-01 9.669693708419799805e-01
3.021955566406250000e+02 2.446610778570175171e-01 9.696086645126342773e-01
3.009859008789062500e+02 2.284770160913467407e-01 9.735493063926696777e-01
2.997951049804687500e+02 2.107662409543991089e-01 9.775364995002746582e-01
1.075576477050781250e+02 9.978505969047546387e-01 6.552525609731674194e-02
1.044169540405273438e+02 9.976565241813659668e-01 6.841673702001571655e-02
9.787934112548828125e+01 9.972637891769409180e-01 7.392203062772750854e-02
9.543035888671875000e+01 9.964067935943603516e-01 8.469364047050476074e-02
9.423170471191406250e+01 9.969323277473449707e-01 7.826647907495498657e-02
8.841309356689453125e+01 9.970353245735168457e-01 7.694392651319503784e-02
8.600978851318359375e+01 9.973068237304687500e-01 7.333911955356597900e-02
8.423139190673828125e+01 9.970752596855163574e-01 7.642439752817153931e-02
8.222355651855468750e+01 9.968459010124206543e-01 7.935759425163269043e-02
8.131752777099609375e+01 9.966796636581420898e-01 8.142051845788955688e-02
7.969412994384765625e+01 9.962377548217773438e-01 8.666127175092697144e-02
7.755731201171875000e+01 9.967662692070007324e-01 8.035340905189514160e-02
7.668726348876953125e+01 9.969162344932556152e-01 7.847074419260025024e-02
7.516060638427734375e+01 9.971479177474975586e-01 7.547138631343841553e-02
7.367621612548828125e+01 9.964848756790161133e-01 8.377064019441604614e-02
7.328925323486328125e+01 9.951121807098388672e-01 9.875093400478363037e-02
7.256715393066406250e+01 9.959524869918823242e-01 8.987917751073837280e-02
7.237017822265625000e+01 9.960851669311523438e-01 8.839765936136245728e-02
7.028831481933593750e+01 9.937788248062133789e-01 1.113709136843681335e-01
7.009406280517578125e+01 9.962150454521179199e-01 8.692129701375961304e-02
6.919290161132812500e+01 9.934245944023132324e-01 1.144874691963195801e-01
6.898410797119140625e+01 9.956046938896179199e-01 9.365532547235488892e-02
6.886216735839843750e+01 9.962571263313293457e-01 8.643878996372222900e-02
6.810308074951171875e+01 9.954242706298828125e-01 9.555248916149139404e-02
6.755094146728515625e+01 9.957703948020935059e-01 9.187548607587814331e-02
6.699282073974609375e+01 9.956587553024291992e-01 9.307773411273956299e-02
6.667340850830078125e+01 9.949844479560852051e-01 1.000288575887680054e-01
6.651340484619140625e+01 9.951586127281188965e-01 9.828136861324310303e-02
6.599022674560546875e+01 9.930400848388671875e-01 1.177763715386390686e-01
6.544114685058593750e+01 9.953081607818603516e-01 9.675542265176773071e-02
6.505377197265625000e+01 9.956309199333190918e-01 9.337562322616577148e-02
6.454779052734375000e+01 9.933965206146240234e-01 1.147313266992568970e-01
6.409245300292968750e+01 9.949551224708557129e-01 1.003201231360435486e-01
6.361594772338867188e+01 9.956864118576049805e-01 9.278099983930587769e-02
6.346907806396484375e+01 9.958719611167907715e-01 9.076841920614242554e-02
6.303351974487304688e+01 9.950671195983886719e-01 9.920391440391540527e-02
6.283665466308593750e+01 9.952737689018249512e-01 9.710908681154251099e-02
6.246569061279296875e+01 9.952459931373596191e-01 9.739171713590621948e-02
6.236083984375000000e+01 9.953566193580627441e-01 9.625547379255294800e-02
6.187752151489257812e+01 9.947004318237304688e-01 1.028153374791145325e-01
6.147432327270507812e+01 9.943675994873046875e-01 1.059853732585906982e-01
6.136490631103515625e+01 9.958413839340209961e-01 9.110331535339355469e-02
6.116033554077148438e+01 9.955750703811645508e-01 9.396886080503463745e-02
6.086434936523437500e+01 9.947752356529235840e-01 1.020893454551696777e-01
6.070330429077148438e+01 9.956886172294616699e-01 9.275831282138824463e-02
6.055612182617187500e+01 9.947180151939392090e-01 1.026439741253852844e-01
6.039071273803710938e+01 9.954882860183715820e-01 9.488374739885330200e-02
6.018946075439453125e+01 9.951193928718566895e-01 9.867808967828750610e-02
5.998517608642578125e+01 9.946066737174987793e-01 1.037178561091423035e-01
5.980020523071289062e+01 9.939795732498168945e-01 1.095655560493469238e-01
5.949199295043945312e+01 9.945840835571289062e-01 1.039346754550933838e-01
5.909626007080078125e+01 9.954380393028259277e-01 9.541002660989761353e-02
5.886127853393554688e+01 9.948946237564086914e-01 1.009183004498481750e-01
5.877596282958984375e+01 9.952024817466735840e-01 9.783588349819183350e-02
5.859711074829101562e+01 9.954274892807006836e-01 9.551949799060821533e-02
5.847531509399414062e+01 9.951973557472229004e-01 9.788823872804641724e-02
5.839340972900390625e+01 9.949612617492675781e-01 1.002599075436592102e-01
5.812362289428710938e+01 9.949497580528259277e-01 1.003738120198249817e-01
5.785412216186523438e+01 9.947073459625244141e-01 1.027487590909004211e-01
5.777862548828125000e+01 9.951887726783752441e-01 9.797577559947967529e-02
5.772315597534179688e+01 9.934294223785400391e-01 1.144470423460006714e-01
5.730137252807617188e+01 9.950079917907714844e-01 9.979406744241714478e-02
5.715591049194335938e+01 9.947988986968994141e-01 1.018583849072456360e-01
5.709756851196289062e+01 9.944493174552917480e-01 1.052160337567329407e-01
5.702777481079101562e+01 9.932740926742553711e-01 1.157861724495887756e-01
5.671896362304687500e+01 9.947100281715393066e-01 1.027227789163589478e-01
5.650262069702148438e+01 9.944050312042236328e-01 1.056337207555770874e-01
5.639429092407226562e+01 9.944012761116027832e-01 1.056691557168960571e-01
5.634411621093750000e+01 9.951617717742919922e-01 9.824936091899871826e-02
5.596795654296875000e+01 9.953017234802246094e-01 9.682077169418334961e-02
5.582682037353515625e+01 9.944085478782653809e-01 1.056010350584983826e-01
5.579142379760742188e+01 9.939136505126953125e-01 1.101617366075515747e-01
5.559883880615234375e+01 9.949519038200378418e-01 1.003529652953147888e-01
5.548346710205078125e+01 9.949511289596557617e-01 1.003594100475311279e-01
5.541829299926757812e+01 9.958838820457458496e-01 9.063772857189178467e-02
5.525957870483398438e+01 9.945093989372253418e-01 1.046473532915115356e-01
5.509893798828125000e+01 9.949091672897338867e-01 1.007754951715469360e-01
5.495729827880859375e+01 9.946818351745605469e-01 1.029949784278869629e-01
5.486104965209960938e+01 9.943684339523315430e-01 1.059775501489639282e-01
5.485321807861328125e+01 9.948447942733764648e-01 1.014083549380302429e-01
5.473390197753906250e+01 9.947435855865478516e-01 1.023974716663360596e-01
5.462360382080078125e+01 9.947033524513244629e-01 1.027864888310432434e-01
5.430157470703125000e+01 9.944989085197448730e-01 1.047461256384849548e-01
5.424465179443359375e+01 9.952381253242492676e-01 9.747309237718582153e-02
5.408010101318359375e+01 9.947248101234436035e-01 1.025797203183174133e-01
5.393252944946289062e+01 9.944794774055480957e-01 1.049299985170364380e-01
5.385676956176757812e+01 9.948123097419738770e-01 1.017275080084800720e-01
5.364466857910156250e+01 9.952393174171447754e-01 9.746085852384567261e-02
5.356776046752929688e+01 9.944862127304077148e-01 1.048671528697013855e-01
5.346031188964843750e+01 9.938865303993225098e-01 1.104051023721694946e-01
5.331193923950195312e+01 9.949427247047424316e-01 1.004426106810569763e-01
5.320060348510742188e+01 9.944505095481872559e-01 1.052050739526748657e-01
5.312609863281250000e+01 9.944563508033752441e-01 1.051500141620635986e-01
5.307525634765625000e+01 9.949952960014343262e-01 9.992130100727081299e-02
5.295997619628906250e+01 9.944169521331787109e-01 1.055218055844306946e-01
5.286120986938476562e+01 9.945542812347412109e-01 1.042187288403511047e-01
5.271867752075195312e+01 9.946632981300354004e-01 1.031735539436340332e-01
5.252592849731445312e+01 9.945769309997558594e-01 1.040031239390373230e-01
5.247397994995117188e+01 9.951864480972290039e-01 9.799949079751968384e-02
5.232459259033203125e+01 9.942930936813354492e-01 1.066832467913627625e-01
5.223698806762695312e+01 9.942795634269714355e-01 1.068083196878433228e-01
5.216548919677734375e+01 9.941461086273193359e-01 1.080433055758476257e-01
5.214490509033203125e+01 9.949035644531250000e-01 1.008303761482238770e-01
5.206737899780273438e+01 9.941187500953674316e-01 1.082945466041564941e-01
5.183353424072265625e+01 9.940606951713562012e-01 1.088266745209693909e-01
5.181738662719726562e+01 9.940028786659240723e-01 1.093539968132972717e-01
5.172627639770507812e+01 9.948262572288513184e-01 1.015904396772384644e-01
5.166846084594726562e+01 9.944409728050231934e-01 1.052957549691200256e-01
5.148494720458984375e+01 9.943761229515075684e-01 1.059054732322692871e-01
5.138440322875976562e+01 9.944018125534057617e-01 1.056642010807991028e-01
5.132273864746093750e+01 9.944138526916503906e-01 1.055511385202407837e-01
5.121163940429687500e+01 9.952220320701599121e-01 9.763731062412261963e-02
5.116595840454101562e+01 9.944334030151367188e-01 1.053665876388549805e-01
5.104841995239257812e+01 9.948508143424987793e-01 1.013493686914443970e-01
5.102628707885742188e+01 9.946406483650207520e-01 1.033922135829925537e-01
5.091380310058593750e+01 9.948957562446594238e-01 1.009072735905647278e-01
5.081988906860351562e+01 9.943894147872924805e-01 1.057807132601737976e-01
5.076968383789062500e+01 9.949353337287902832e-01 1.005166023969650269e-01
5.057719039916992188e+01 9.942111372947692871e-01 1.074430271983146667e-01
5.047967529296875000e+01 9.940216541290283203e-01 1.091827824711799622e-01
5.043444442749023438e+01 9.943342208862304688e-01 1.062985360622406006e-01
5.036573028564453125e+01 9.944066405296325684e-01 1.056187525391578674e-01
5.031564712524414062e+01 9.950734972953796387e-01 9.913887083530426025e-02
5.022803497314453125e+01 9.947235584259033203e-01 1.025912091135978699e-01
5.011035919189453125e+01 9.945749044418334961e-01 1.040223240852355957e-01
4.995393371582031250e+01 9.940035343170166016e-01 1.093478277325630188e-01
4.990059661865234375e+01 9.946794509887695312e-01 1.030176430940628052e-01
4.981417465209960938e+01 9.944793581962585449e-01 1.049320697784423828e-01
4.964874649047851562e+01 9.945177435874938965e-01 1.045670732855796814e-01
4.959930801391601562e+01 9.944216012954711914e-01 1.054778024554252625e-01
4.959074783325195312e+01 9.945283532142639160e-01 1.044664010405540466e-01
4.956020355224609375e+01 9.943607449531555176e-01 1.060497835278511047e-01
4.950369262695312500e+01 9.948461651802062988e-01 1.013949289917945862e-01
4.940898895263671875e+01 9.945293068885803223e-01 1.044574156403541565e-01
4.934817123413085938e+01 9.948300719261169434e-01 1.015534326434135437e-01
4.926481628417968750e+01 9.944546222686767578e-01 1.051665246486663818e-01
4.915904998779296875e+01 9.946890473365783691e-01 1.029259264469146729e-01
4.906782913208007812e+01 9.941039085388183594e-01 1.084312498569488525e-01
4.903954315185546875e+01 9.938185214996337891e-01 1.110170334577560425e-01
4.899665069580078125e+01 9.948539733886718750e-01 1.013190299272537231e-01
4.885157775878906250e+01 9.946075677871704102e-01 1.037093847990036011e-01
4.878436660766601562e+01 9.941127896308898926e-01 1.083498522639274597e-01
4.876180648803710938e+01 9.946915507316589355e-01 1.029015854001045227e-01
4.858034896850585938e+01 9.944955110549926758e-01 1.047778576612472534e-01
4.853883361816406250e+01 9.944348335266113281e-01 1.053522154688835144e-01
4.850049591064453125e+01 9.940066337585449219e-01 1.093197911977767944e-01
4.843350601196289062e+01 9.946032762527465820e-01 1.037509664893150330e-01
4.832091903686523438e+01 9.942364096641540527e-01 1.072095707058906555e-01
4.829491043090820312e+01 9.947597384452819824e-01 1.022402793169021606e-01
4.824150085449218750e+01 9.943726658821105957e-01 1.059376224875450134e-01
4.817033767700195312e+01 9.947397112846374512e-01 1.024336591362953186e-01
4.804335784912109375e+01 9.941484332084655762e-01 1.080214604735374451e-01
4.797353363037109375e+01 9.942771196365356445e-01 1.068310439586639404e-01
4.792555999755859375e+01 9.942475557327270508e-01 1.071060374379158020e-01
4.789125061035156250e+01 9.945414066314697266e-01 1.043426021933555603e-01
4.779547882080078125e+01 9.945383667945861816e-01 1.043712794780731201e-01
4.773891830444335938e+01 9.940654039382934570e-01 1.087836399674415588e-01
4.770613479614257812e+01 9.942495226860046387e-01 1.070882007479667664e-01
4.758988189697265625e+01 9.936718940734863281e-01 1.123212426900863647e-01
4.755310058593750000e+01 9.941844940185546875e-01 1.076898723840713501e-01
4.744017410278320312e+01 9.937891960144042969e-01 1.112785413861274719e-01
4.741470718383789062e+01 9.943557977676391602e-01 1.060958877205848694e-01
4.729796600341796875e+01 9.945176243782043457e-01 1.045683547854423523e-01
4.728522872924804688e+01 9.939403533935546875e-01 1.099199056625366211e-01
4.718873977661132812e+01 9.944159984588623047e-01 1.055308133363723755e-01
4.716997528076171875e+01 9.935805201530456543e-01 1.131273135542869568e-01
4.704930496215820312e+01 9.942288398742675781e-01 1.072803139686584473e-01
4.699403762817382812e+01 9.941675662994384766e-01 1.078466773033142090e-01
4.693082427978515625e+01 9.934852719306945801e-01 1.139600500464439392e-01
4.685971069335937500e+01 9.945078492164611816e-01 1.046613752841949463e-01
4.674586868286132812e+01 9.934537410736083984e-01 1.142349094152450562e-01
4.673620986938476562e+01 9.936760067939758301e-01 1.122849136590957642e-01
4.668094253540039062e+01 9.942277073860168457e-01 1.072903051972389221e-01
4.664692687988281250e+01 9.936713576316833496e-01 1.123264431953430176e-01
4.659960937500000000e+01 9.940746426582336426e-01 1.086992472410202026e-01
4.653300857543945312e+01 9.942070841789245605e-01 1.074807643890380859e-01
4.650751495361328125e+01 9.936165213584899902e-01 1.128101944923400879e-01
4.647399139404296875e+01 9.937741756439208984e-01 1.114122569561004639e-01
4.637270736694335938e+01 9.939331412315368652e-01 1.099851429462432861e-01
4.636148834228515625e+01 9.946318864822387695e-01 1.034759804606437683e-01
4.628805541992187500e+01 9.935881495475769043e-01 1.130599007010459900e-01
4.625652313232421875e+01 9.942466616630554199e-01 1.071145683526992798e-01
4.615973663330078125e+01 9.937437176704406738e-01 1.116838529706001282e-01
4.603149795532226562e+01 9.938035011291503906e-01 1.111507266759872437e-01
4.601677703857421875e+01 9.939125776290893555e-01 1.101711019873619080e-01
4.589850997924804688e+01 9.938492774963378906e-01 1.107413768768310547e-01
4.587156295776367188e+01 9.940522313117980957e-01 1.089044436812400818e-01
4.579865264892578125e+01 9.940519928932189941e-01 1.089063882827758789e-01
4.576091766357421875e+01 9.942897558212280273e-01 1.067136228084564209e-01
4.571487045288085938e+01 9.936175942420959473e-01 1.128007769584655762e-01
4.565829849243164062e+01 9.936086535453796387e-01 1.128790304064750671e-01
4.560516738891601562e+01 9.939804077148437500e-01 1.095574200153350830e-01
4.559667587280273438e+01 9.936810135841369629e-01 1.122400164604187012e-01
4.551459503173828125e+01 9.939189553260803223e-01 1.101137846708297729e-01
4.543216705322265625e+01 9.936003684997558594e-01 1.129520088434219360e-01
4.542863845825195312e+01 9.945011138916015625e-01 1.047261357307434082e-01
4.532641983032226562e+01 9.937994480133056641e-01 1.111873090267181396e-01
4.531808853149414062e+01 9.943076372146606445e-01 1.065469235181808472e-01
4.527328491210937500e+01 9.936739206314086914e-01 1.123038008809089661e-01
4.524650573730468750e+01 9.941844344139099121e-01 1.076912209391593933e-01
4.514613723754882812e+01 9.937731027603149414e-01 1.114221215248107910e-01
4.510103225708007812e+01 9.940154552459716797e-01 1.092391908168792725e-01
4.502429962158203125e+01 9.939541220664978027e-01 1.097961738705635071e-01
4.500650787353515625e+01 9.928522706031799316e-01 1.193500310182571411e-01
4.487899017333984375e+01 9.936631321907043457e-01 1.123991832137107849e-01
4.481964111328125000e+01 9.936887621879577637e-01 1.121722161769866943e-01
4.477846145629882812e+01 9.935635328292846680e-01 1.132760345935821533e-01
4.474753952026367188e+01 9.939382076263427734e-01 1.099399700760841370e-01
4.473308181762695312e+01 9.932765960693359375e-01 1.157649978995323181e-01
4.470058441162109375e+01 9.939416646957397461e-01 1.099083796143531799e-01
4.462667083740234375e+01 9.937939643859863281e-01 1.112364158034324646e-01
4.461520767211914062e+01 9.937236905097961426e-01 1.118630915880203247e-01
4.453617477416992188e+01 9.933613538742065430e-01 1.150347664952278137e-01
4.452853012084960938e+01 9.936324954032897949e-01 1.126694530248641968e-01
4.445397567749023438e+01 9.934749603271484375e-01 1.140500754117965698e-01
4.439290237426757812e+01 9.936560392379760742e-01 1.124611124396324158e-01
4.433921813964843750e+01 9.934258460998535156e-01 1.144769266247749329e-01
4.432683563232421875e+01 9.931706786155700684e-01 1.166702955961227417e-01
4.423045730590820312e+01 9.940427541732788086e-01 1.089906841516494751e-01
4.418152999877929688e+01 9.932532906532287598e-01 1.159650310873985291e-01
4.412716674804687500e+01 9.934200048446655273e-01 1.145275831222534180e-01
4.407112503051757812e+01 9.936087131500244141e-01 1.128785982728004456e-01
4.406062698364257812e+01 9.934608340263366699e-01 1.141730472445487976e-01
4.400558853149414062e+01 9.933672547340393066e-01 1.149843558669090271e-01
4.395082473754882812e+01 9.934389591217041016e-01 1.143632456660270691e-01
4.387675094604492188e+01 9.937554001808166504e-01 1.115803346037864685e-01
4.383497238159179688e+01 9.934577941894531250e-01 1.141995266079902649e-01
4.376773834228515625e+01 9.937858581542968750e-01 1.113083586096763611e-01
4.374855041503906250e+01 9.933299422264099121e-01 1.153063401579856873e-01
4.370550918579101562e+01 9.940237402915954590e-01 1.091634705662727356e-01
4.367697906494140625e+01 9.936102628707885742e-01 1.128650605678558350e-01
4.361663436889648438e+01 9.934555888175964355e-01 1.142186596989631653e-01
4.356529998779296875e+01 9.937314987182617188e-01 1.117924079298973083e-01
4.348764419555664062e+01 9.929171204566955566e-01 1.188090592622756958e-01
4.345911407470703125e+01 9.934359192848205566e-01 1.143899634480476379e-01
4.344140243530273438e+01 9.931672215461730957e-01 1.166987717151641846e-01
4.338298797607421875e+01 9.935374855995178223e-01 1.135040819644927979e-01
4.336293792724609375e+01 9.934905767440795898e-01 1.139139756560325623e-01
4.332621002197265625e+01 9.935135245323181152e-01 1.137133613228797913e-01
4.326013183593750000e+01 9.934273362159729004e-01 1.144635528326034546e-01
4.323379898071289062e+01 9.936140775680541992e-01 1.128310784697532654e-01
4.318301391601562500e+01 9.937312602996826172e-01 1.117949336767196655e-01
4.312617492675781250e+01 9.930768013000488281e-01 1.174660921096801758e-01
4.311400985717773438e+01 9.936438798904418945e-01 1.125695705413818359e-01
4.307359313964843750e+01 9.937939047813415527e-01 1.112368330359458923e-01
4.298019027709960938e+01 9.931911826133728027e-01 1.164960712194442749e-01
4.290794372558593750e+01 9.933429956436157227e-01 1.151934936642646790e-01
4.290467071533203125e+01 9.937354326248168945e-01 1.117583289742469788e-01
4.287242507934570312e+01 9.933153986930847168e-01 1.154318004846572876e-01
4.283944702148437500e+01 9.929921627044677734e-01 1.181800514459609985e-01
4.280018997192382812e+01 9.928700923919677734e-01 1.192012652754783630e-01
4.271944808959960938e+01 9.933987259864807129e-01 1.147122308611869812e-01
4.267413330078125000e+01 9.939436316490173340e-01 1.098908185958862305e-01
4.265996170043945312e+01 9.933547973632812500e-01 1.150921881198883057e-01
4.261923599243164062e+01 9.935618042945861816e-01 1.132903322577476501e-01
4.259434127807617188e+01 9.933645725250244141e-01 1.150081753730773926e-01
4.255766296386718750e+01 9.931756854057312012e-01 1.166272237896919250e-01
4.247206878662109375e+01 9.936711192131042480e-01 1.123277246952056885e-01
4.242527770996093750e+01 9.933705329895019531e-01 1.149567738175392151e-01
4.237627029418945312e+01 9.931160807609558105e-01 1.171338185667991638e-01
4.234429168701171875e+01 9.935219883918762207e-01 1.136394441127777100e-01
4.225912475585937500e+01 9.935072064399719238e-01 1.137693971395492554e-01
4.224476242065429688e+01 9.932399988174438477e-01 1.160779818892478943e-01
4.221272277832031250e+01 9.934974908828735352e-01 1.138531193137168884e-01
4.216947555541992188e+01 9.930575489997863770e-01 1.176292151212692261e-01
4.216110992431640625e+01 9.926224350929260254e-01 1.212468594312667847e-01
4.213364410400390625e+01 9.928910136222839355e-01 1.190266981720924377e-01
4.210080337524414062e+01 9.935401678085327148e-01 1.134804114699363708e-01
4.201979827880859375e+01 9.936469197273254395e-01 1.125422418117523193e-01
4.198753738403320312e+01 9.929214715957641602e-01 1.187724620103836060e-01
4.193884277343750000e+01 9.934712052345275879e-01 1.140830889344215393e-01
4.186676025390625000e+01 9.931256771087646484e-01 1.170530691742897034e-01
4.182472991943359375e+01 9.930481910705566406e-01 1.177079454064369202e-01
4.180361938476562500e+01 9.929949641227722168e-01 1.181565299630165100e-01
4.174385070800781250e+01 9.928806424140930176e-01 1.191137135028839111e-01
4.169412231445312500e+01 9.935587048530578613e-01 1.133180335164070129e-01
4.166461181640625000e+01 9.934370517730712891e-01 1.143803223967552185e-01
4.161157989501953125e+01 9.934408664703369141e-01 1.143464148044586182e-01
4.157828903198242188e+01 9.935439229011535645e-01 1.134470850229263306e-01
4.154771423339843750e+01 9.933558702468872070e-01 1.150824576616287231e-01
4.152127075195312500e+01 9.927578568458557129e-01 1.201320588588714600e-01
4.147548294067382812e+01 9.925329089164733887e-01 1.219773739576339722e-01
4.139734268188476562e+01 9.930256605148315430e-01 1.178974136710166931e-01
4.138562774658203125e+01 9.930251836776733398e-01 1.179023087024688721e-01
4.132971191406250000e+01 9.930217862129211426e-01 1.179302930831909180e-01
4.129665374755859375e+01 9.932215809822082520e-01 1.162359640002250671e-01
4.125193786621093750e+01 9.927548766136169434e-01 1.201565638184547424e-01
4.121906280517578125e+01 9.931550025939941406e-01 1.168032065033912659e-01
4.118546676635742188e+01 9.928755164146423340e-01 1.191560402512550354e-01
4.114160156250000000e+01 9.934545159339904785e-01 1.142275333404541016e-01
4.112802886962890625e+01 9.932056665420532227e-01 1.163711100816726685e-01
4.111299896240234375e+01 9.925161600112915039e-01 1.221128925681114197e-01
4.105189895629882812e+01 9.934028387069702148e-01 1.146768704056739807e-01
4.103821182250976562e+01 9.933281540870666504e-01 1.153212934732437134e-01
4.101216125488281250e+01 9.930844902992248535e-01 1.174017041921615601e-01
4.098645019531250000e+01 9.929153919219970703e-01 1.188230514526367188e-01
4.093692779541015625e+01 9.927411079406738281e-01 1.202708184719085693e-01
4.092227935791015625e+01 9.934883713722229004e-01 1.139336004853248596e-01
4.089245605468750000e+01 9.933394789695739746e-01 1.152238622307777405e-01
4.083608245849609375e+01 9.933721423149108887e-01 1.149422600865364075e-01
4.076207733154296875e+01 9.927023649215698242e-01 1.205897256731987000e-01
4.072793197631835938e+01 9.927138090133666992e-01 1.204955056309700012e-01
4.069679260253906250e+01 9.930062294006347656e-01 1.180620491504669189e-01
4.068057250976562500e+01 9.931624531745910645e-01 1.167401969432830811e-01
4.066661834716796875e+01 9.926812648773193359e-01 1.207636743783950806e-01
4.062406539916992188e+01 9.929255247116088867e-01 1.187380626797676086e-01
4.060158157348632812e+01 9.928010106086730957e-01 1.197750419378280640e-01
4.056623458862304688e+01 9.929072260856628418e-01 1.188917383551597595e-01
4.048761367797851562e+01 9.930143356323242188e-01 1.179933249950408936e-01
4.046982574462890625e+01 9.927332997322082520e-01 1.203353554010391235e-01
4.046308135986328125e+01 9.925473332405090332e-01 1.218592599034309387e-01
4.039673995971679688e+01 9.925999641418457031e-01 1.214296966791152954e-01
4.036657714843750000e+01 9.930844306945800781e-01 1.174028217792510986e-01
4.035464477539062500e+01 9.925144910812377930e-01 1.221260577440261841e-01
4.033923339843750000e+01 9.925947189331054688e-01 1.214726120233535767e-01
4.028978729248046875e+01 9.928454756736755371e-01 1.194061115384101868e-01
4.022854995727539062e+01 9.926654696464538574e-01 1.208935752511024475e-01
4.020735168457031250e+01 9.927675724029541016e-01 1.200521364808082581e-01
4.018679046630859375e+01 9.928551912307739258e-01 1.193258389830589294e-01
4.015553283691406250e+01 9.923648238182067871e-01 1.233367025852203369e-01
4.011708450317382812e+01 9.928466677665710449e-01 1.193963065743446350e-01
4.010084152221679688e+01 9.928945302963256836e-01 1.189976409077644348e-01
4.005302429199218750e+01 9.927133321762084961e-01 1.205002516508102417e-01
4.001651763916015625e+01 9.927065372467041016e-01 1.205561906099319458e-01
3.999629974365234375e+01 9.927459359169006348e-01 1.202315092086791992e-01
3.995839309692382812e+01 9.925587773323059082e-01 1.217664927244186401e-01
3.993869781494140625e+01 9.926364421844482422e-01 1.211315989494323730e-01
3.986243057250976562e+01 9.922269582748413086e-01 1.244410946965217590e-01
3.985280990600585938e+01 9.924026131629943848e-01 1.230323091149330139e-01
3.981926727294921875e+01 9.926228523254394531e-01 1.212425529956817627e-01
3.980089950561523438e+01 9.933174252510070801e-01 1.154134571552276611e-01
3.977751159667968750e+01 9.926642775535583496e-01 1.209030523896217346e-01
3.975205612182617188e+01 9.918712973594665527e-01 1.272446066141128540e-01
3.969070434570312500e+01 9.927616715431213379e-01 1.201006621122360229e-01
3.965325164794921875e+01 9.925190806388854980e-01 1.220896691083908081e-01
3.964372253417968750e+01 9.925370812416076660e-01 1.219429597258567810e-01
3.962093353271484375e+01 9.923616647720336914e-01 1.233628243207931519e-01
3.956198120117187500e+01 9.925662875175476074e-01 1.217044144868850708e-01
3.955132675170898438e+01 9.930790066719055176e-01 1.174476593732833862e-01
3.948483276367187500e+01 9.925387501716613770e-01 1.219295710325241089e-01
3.944068145751953125e+01 9.926008582115173340e-01 1.214230135083198547e-01
3.943017578125000000e+01 9.919809699058532715e-01 1.263871043920516968e-01
3.940379714965820312e+01 9.932199120521545410e-01 1.162495613098144531e-01
3.934406661987304688e+01 9.922620654106140137e-01 1.241606920957565308e-01
3.931980514526367188e+01 9.926568269729614258e-01 1.209638938307762146e-01
3.929518127441406250e+01 9.920673966407775879e-01 1.257071793079376221e-01
3.928590393066406250e+01 9.918850660324096680e-01 1.271378695964813232e-01
3.923657226562500000e+01 9.926396608352661133e-01 1.211048737168312073e-01
3.920678329467773438e+01 9.919324517250061035e-01 1.267678141593933105e-01
3.917437744140625000e+01 9.913754463195800781e-01 1.310525983572006226e-01
3.913908004760742188e+01 9.925647377967834473e-01 1.217183098196983337e-01
3.910005950927734375e+01 9.924736022949218750e-01 1.224589347839355469e-01
3.904055023193359375e+01 9.922300577163696289e-01 1.244168207049369812e-01
3.903551483154296875e+01 9.921604394912719727e-01 1.249703094363212585e-01
3.901496887207031250e+01 9.928160309791564941e-01 1.196511834859848022e-01
3.893502807617187500e+01 9.925529360771179199e-01 1.218137890100479126e-01
3.892559432983398438e+01 9.923660159111022949e-01 1.233273744583129883e-01
3.891127014160156250e+01 9.919072389602661133e-01 1.269648671150207520e-01
3.887183380126953125e+01 9.924955368041992188e-01 1.222805008292198181e-01
3.885240173339843750e+01 9.925711154937744141e-01 1.216652765870094299e-01
3.883363723754882812e+01 9.924828410148620605e-01 1.223834604024887085e-01
3.876933288574218750e+01 9.925061464309692383e-01 1.221945285797119141e-01
3.874694061279296875e+01 9.925822019577026367e-01 1.215751022100448608e-01
3.872827148437500000e+01 9.923678040504455566e-01 1.233127191662788391e-01
3.872414398193359375e+01 9.923083186149597168e-01 1.237903609871864319e-01
3.869841384887695312e+01 9.925435185432434082e-01 1.218900308012962341e-01
3.867195892333984375e+01 9.922944903373718262e-01 1.239012107253074646e-01
3.865712356567382812e+01 9.922550320625305176e-01 1.242172867059707642e-01
3.855915832519531250e+01 9.924202561378479004e-01 1.228901520371437073e-01
3.854494857788085938e+01 9.928732514381408691e-01 1.191749125719070435e-01
3.848633956909179688e+01 9.926750659942626953e-01 1.208143532276153564e-01
3.848316574096679688e+01 9.920467734336853027e-01 1.258691400289535522e-01
3.847474670410156250e+01 9.927244186401367188e-01 1.204086840152740479e-01
3.844935607910156250e+01 9.924896955490112305e-01 1.223279610276222229e-01
3.841152954101562500e+01 9.925352334976196289e-01 1.219585984945297241e-01
3.839386749267578125e+01 9.927243590354919434e-01 1.204089894890785217e-01
3.835730361938476562e+01 9.927876591682434082e-01 1.198859661817550659e-01
3.830027389526367188e+01 9.920244216918945312e-01 1.260457932949066162e-01
3.827936172485351562e+01 9.921520948410034180e-01 1.250363737344741821e-01
3.825017166137695312e+01 9.920716881752014160e-01 1.256739050149917603e-01
3.821158218383789062e+01 9.923563003540039062e-01 1.234050765633583069e-01
3.819570159912109375e+01 9.922281503677368164e-01 1.244321689009666443e-01
3.817594146728515625e+01 9.921182394027709961e-01 1.253048628568649292e-01
3.814816284179687500e+01 9.930004477500915527e-01 1.181107163429260254e-01
3.811175155639648438e+01 9.922636151313781738e-01 1.241479292511940002e-01
3.809567260742187500e+01 9.918176531791687012e-01 1.276622265577316284e-01
3.805454635620117188e+01 9.919921755790710449e-01 1.262987554073333740e-01
3.805057907104492188e+01 9.927783608436584473e-01 1.199625581502914429e-01
3.801142120361328125e+01 9.920555949211120605e-01 1.257997900247573853e-01
3.796263504028320312e+01 9.918678402900695801e-01 1.272720992565155029e-01
3.794301223754882812e+01 9.920439124107360840e-01 1.258922815322875977e-01
3.792938613891601562e+01 9.921506643295288086e-01 1.250478029251098633e-01
3.787941360473632812e+01 9.921317100524902344e-01 1.251976042985916138e-01
3.786106109619140625e+01 9.922348856925964355e-01 1.243779137730598450e-01
3.784647750854492188e+01 9.916777014732360840e-01 1.287452280521392822e-01
3.779434204101562500e+01 9.917766451835632324e-01 1.279808431863784790e-01
3.776370620727539062e+01 9.918118119239807129e-01 1.277075260877609253e-01
3.774402618408203125e+01 9.917327761650085449e-01 1.283204406499862671e-01
3.771561813354492188e+01 9.922714233398437500e-01 1.240863651037216187e-01
3.768229675292968750e+01 9.922164678573608398e-01 1.245245411992073059e-01
3.767356491088867188e+01 9.919539690017700195e-01 1.265989989042282104e-01
3.762923812866210938e+01 9.924563169479370117e-01 1.225994601845741272e-01
3.760679626464843750e+01 9.918323159217834473e-01 1.275477558374404907e-01
3.758469772338867188e+01 9.920779466629028320e-01 1.256237030029296875e-01
3.756949615478515625e+01 9.918187856674194336e-01 1.276539266109466553e-01
3.753743743896484375e+01 9.920355081558227539e-01 1.259586960077285767e-01
3.748842239379882812e+01 9.921208024024963379e-01 1.252845227718353271e-01
3.746619033813476562e+01 9.919770956039428711e-01 1.264175623655319214e-01
3.744522857666015625e+01 9.925019145011901855e-01 1.222286447882652283e-01
3.743520736694335938e+01 9.919012784957885742e-01 1.270109117031097412e-01
3.740122985839843750e+01 9.915485978126525879e-01 1.297357976436614990e-01
3.737277221679687500e+01 9.922360777854919434e-01 1.243689209222793579e-01
3.734793090820312500e+01 9.918195009231567383e-01 1.276481300592422485e-01
3.731986618041992188e+01 9.919081926345825195e-01 1.269566267728805542e-01
3.729139709472656250e+01 9.925110936164855957e-01 1.221541985869407654e-01
3.726173400878906250e+01 9.916210174560546875e-01 1.291810721158981323e-01
3.723004531860351562e+01 9.921346902847290039e-01 1.251744031906127930e-01
3.721954727172851562e+01 9.921782016754150391e-01 1.248294785618782043e-01
3.720198822021484375e+01 9.918973445892333984e-01 1.270413100719451904e-01
3.716544723510742188e+01 9.916949272155761719e-01 1.286125630140304565e-01
3.711498641967773438e+01 9.920119643211364746e-01 1.261438429355621338e-01
3.710501098632812500e+01 9.918531775474548340e-01 1.273854374885559082e-01
3.706278991699218750e+01 9.919225573539733887e-01 1.268441528081893921e-01
3.701258850097656250e+01 9.920329451560974121e-01 1.259787678718566895e-01
3.698921966552734375e+01 9.920998215675354004e-01 1.254506707191467285e-01
3.697029113769531250e+01 9.914803504943847656e-01 1.302569955587387085e-01
3.694705963134765625e+01 9.914553165435791016e-01 1.304462254047393799e-01
3.691511535644531250e+01 9.919372200965881348e-01 1.267301291227340698e-01
3.688525390625000000e+01 9.920645356178283691e-01 1.257289499044418335e-01
3.686611557006835938e+01 9.919898509979248047e-01 1.263174414634704590e-01
3.685635375976562500e+01 9.915692806243896484e-01 1.295773237943649292e-01
3.683242034912109375e+01 9.923823475837707520e-01 1.231957152485847473e-01
3.681477737426757812e+01 9.921833276748657227e-01 1.247881650924682617e-01
3.680186462402343750e+01 9.913752675056457520e-01 1.310532242059707642e-01
3.674535751342773438e+01 9.924753308296203613e-01 1.224448457360267639e-01
3.672473526000976562e+01 9.921044707298278809e-01 1.254144459962844849e-01
3.671211242675781250e+01 9.910746812820434570e-01 1.333076357841491699e-01
3.667179870605468750e+01 9.918655157089233398e-01 1.272899955511093140e-01
3.663727188110351562e+01 9.915269613265991211e-01 1.299004852771759033e-01
3.661494064331054688e+01 9.914880990982055664e-01 1.301967501640319824e-01
3.660995864868164062e+01 9.923550486564636230e-01 1.234153658151626587e-01
3.656723785400390625e+01 9.917954802513122559e-01 1.278346031904220581e-01
3.653285980224609375e+01 9.920102953910827637e-01 1.261568069458007812e-01
3.651436614990234375e+01 9.918658137321472168e-01 1.272877752780914307e-01
3.649777984619140625e+01 9.919620752334594727e-01 1.265353560447692871e-01
3.643841934204101562e+01 9.915247559547424316e-01 1.299179345369338989e-01
3.640977859497070312e+01 9.917955994606018066e-01 1.278336942195892334e-01
3.638204193115234375e+01 9.915076494216918945e-01 1.300484985113143921e-01
3.637040328979492188e+01 9.917480349540710449e-01 1.282015293836593628e-01
3.634918975830078125e+01 9.913105964660644531e-01 1.315416544675827026e-01
3.631854248046875000e+01 9.920346736907958984e-01 1.259649097919464111e-01
3.631773376464843750e+01 9.914179444313049316e-01 1.307299882173538208e-01
3.626483535766601562e+01 9.918446540832519531e-01 1.274526119232177734e-01
3.623088073730468750e+01 9.913933873176574707e-01 1.309164911508560181e-01
3.622501373291015625e+01 9.920896291732788086e-01 1.255314052104949951e-01
3.620074462890625000e+01 9.912158250808715820e-01 1.322541534900665283e-01
3.619145965576171875e+01 9.919759035110473633e-01 1.264271140098571777e-01
3.615910720825195312e+01 9.909846782684326172e-01 1.339753270149230957e-01
3.611880493164062500e+01 9.915324449539184570e-01 1.298589408397674561e-01
3.608139419555664062e+01 9.907950162887573242e-01 1.353704929351806641e-01
3.607970428466796875e+01 9.919098019599914551e-01 1.269441843032836914e-01
3.603913497924804688e+01 9.916893243789672852e-01 1.286550164222717285e-01
3.602570724487304688e+01 9.916326403617858887e-01 1.290917247533798218e-01
3.599273300170898438e+01 9.921855330467224121e-01 1.247707009315490723e-01
3.596883010864257812e+01 9.912946224212646484e-01 1.316620260477066040e-01
3.594312286376953125e+01 9.918672442436218262e-01 1.272768527269363403e-01
3.591539382934570312e+01 9.912890195846557617e-01 1.317042857408523560e-01
3.590521240234375000e+01 9.912846088409423828e-01 1.317374110221862793e-01
3.588690948486328125e+01 9.913504123687744141e-01 1.312412917613983154e-01
3.586329650878906250e+01 9.914478063583374023e-01 1.305043995380401611e-01
3.582225036621093750e+01 9.912509322166442871e-01 1.319898068904876709e-01
3.581487274169921875e+01 9.916927814483642578e-01 1.286293119192123413e-01
3.579785537719726562e+01 9.913024902343750000e-01 1.316036880016326904e-01
3.578265380859375000e+01 9.911706447601318359e-01 1.325921416282653809e-01
3.573842620849609375e+01 9.906960129737854004e-01 1.360936909914016724e-01
3.571760940551757812e+01 9.916597604751586914e-01 1.288833171129226685e-01
3.569813919067382812e+01 9.916002154350280762e-01 1.293401718139648438e-01
3.567904281616210938e+01 9.912285208702087402e-01 1.321592330932617188e-01
3.564940261840820312e+01 9.920930266380310059e-01 1.255043447017669678e-01
3.563359069824218750e+01 9.914414882659912109e-01 1.305517554283142090e-01
3.560344696044921875e+01 9.908809065818786621e-01 1.347404420375823975e-01
3.559357070922851562e+01 9.909433126449584961e-01 1.342806071043014526e-01
3.557868957519531250e+01 9.912028312683105469e-01 1.323513835668563843e-01
3.556485748291015625e+01 9.915062189102172852e-01 1.300593018531799316e-01
3.551175689697265625e+01 9.911172389984130859e-01 1.329907029867172241e-01
3.546512603759765625e+01 9.910911321640014648e-01 1.331853270530700684e-01
3.543560028076171875e+01 9.914565086364746094e-01 1.304372698068618774e-01
3.540303039550781250e+01 9.912190437316894531e-01 1.322292536497116089e-01
3.537516021728515625e+01 9.912640452384948730e-01 1.318919360637664795e-01
3.536764144897460938e+01 9.911884665489196777e-01 1.324586123228073120e-01
3.533623123168945312e+01 9.908785223960876465e-01 1.347581148147583008e-01
3.532587432861328125e+01 9.910527467727661133e-01 1.334702819585800171e-01
3.530750274658203125e+01 9.911774396896362305e-01 1.325413435697555542e-01
3.527190780639648438e+01 9.914514422416687012e-01 1.304764449596405029e-01
3.524391555786132812e+01 9.912434220314025879e-01 1.320468783378601074e-01
3.523830032348632812e+01 9.916399121284484863e-01 1.290356963872909546e-01
3.522131347656250000e+01 9.913444519042968750e-01 1.312862932682037354e-01
3.519900512695312500e+01 9.910300970077514648e-01 1.336384862661361694e-01
3.518833541870117188e+01 9.912144541740417480e-01 1.322645097970962524e-01
3.516248703002929688e+01 9.915615916252136230e-01 1.296362280845642090e-01
3.515023803710937500e+01 9.910682439804077148e-01 1.333552449941635132e-01
3.510835266113281250e+01 9.914480447769165039e-01 1.305015236139297485e-01
3.507664489746093750e+01 9.911034703254699707e-01 1.330931037664413452e-01
3.505802917480468750e+01 9.908058047294616699e-01 1.352916508913040161e-01
3.503223037719726562e+01 9.916320443153381348e-01 1.290962249040603638e-01
3.501726913452148438e+01 9.914460778236389160e-01 1.305168122053146362e-01
3.500863265991210938e+01 9.908515214920043945e-01 1.349558532238006592e-01
3.496696853637695312e+01 9.907615184783935547e-01 1.356154531240463257e-01
3.494726181030273438e+01 9.909984469413757324e-01 1.338731050491333008e-01
3.493113327026367188e+01 9.908973574638366699e-01 1.346195638179779053e-01
3.491906738281250000e+01 9.912849664688110352e-01 1.317344009876251221e-01
3.488718414306640625e+01 9.912330508232116699e-01 1.321247369050979614e-01
3.487743759155273438e+01 9.916520714759826660e-01 1.289425194263458252e-01
3.485112762451171875e+01 9.910481572151184082e-01 1.335043907165527344e-01
3.482856750488281250e+01 9.910750389099121094e-01 1.333051174879074097e-01
3.480765151977539062e+01 9.908005595207214355e-01 1.353303045034408569e-01
3.477386856079101562e+01 9.914045333862304688e-01 1.308318823575973511e-01
3.475393295288085938e+01 9.908685088157653809e-01 1.348321288824081421e-01
3.473095321655273438e+01 9.906828403472900391e-01 1.361893415451049805e-01
3.469577789306640625e+01 9.912815093994140625e-01 1.317605078220367432e-01
3.467587661743164062e+01 9.913581609725952148e-01 1.311832964420318604e-01
3.463489913940429688e+01 9.911407232284545898e-01 1.328157186508178711e-01
3.462343215942382812e+01 9.904496073722839355e-01 1.378754675388336182e-01
3.459375381469726562e+01 9.907439947128295898e-01 1.357433795928955078e-01
3.458345794677734375e+01 9.904916286468505859e-01 1.375727355480194092e-01
3.456683349609375000e+01 9.905100464820861816e-01 1.374396681785583496e-01
3.454353713989257812e+01 9.914860129356384277e-01 1.302129179239273071e-01
3.452928924560546875e+01 9.909783601760864258e-01 1.340216845273971558e-01
3.450508880615234375e+01 9.906305670738220215e-01 1.365691572427749634e-01
3.448982238769531250e+01 9.908517599105834961e-01 1.349546164274215698e-01
3.447020721435546875e+01 9.910097122192382812e-01 1.337892860174179077e-01
3.444129562377929688e+01 9.910560250282287598e-01 1.334463655948638916e-01
3.441411590576171875e+01 9.904682636260986328e-01 1.377409994602203369e-01
3.440118026733398438e+01 9.906132817268371582e-01 1.366942524909973145e-01
3.437630081176757812e+01 9.910436868667602539e-01 1.335378587245941162e-01
3.433949279785156250e+01 9.908806085586547852e-01 1.347429603338241577e-01
3.433052062988281250e+01 9.909459352493286133e-01 1.342615038156509399e-01
3.431593704223632812e+01 9.910430908203125000e-01 1.335419267416000366e-01
3.429824066162109375e+01 9.907665252685546875e-01 1.355785876512527466e-01
3.426662063598632812e+01 9.906512498855590820e-01 1.364188492298126221e-01
3.423970794677734375e+01 9.910623431205749512e-01 1.333999335765838623e-01
3.423363876342773438e+01 9.910244941711425781e-01 1.336806267499923706e-01
3.418712615966796875e+01 9.902051091194152832e-01 1.396201401948928833e-01
3.416663360595703125e+01 9.908638596534729004e-01 1.348654776811599731e-01
3.415942764282226562e+01 9.900475144386291504e-01 1.407335102558135986e-01
3.413107681274414062e+01 9.905784726142883301e-01 1.369459778070449829e-01
3.409913635253906250e+01 9.905957579612731934e-01 1.368209272623062134e-01
3.407403564453125000e+01 9.902845621109008789e-01 1.390550583600997925e-01
3.405602264404296875e+01 9.913098216056823730e-01 1.315480172634124756e-01
3.404682540893554688e+01 9.907934069633483887e-01 1.353819519281387329e-01
3.402169418334960938e+01 9.909554123878479004e-01 1.341913193464279175e-01
3.399504089355468750e+01 9.912038445472717285e-01 1.323439627885818481e-01
3.398472213745117188e+01 9.908986687660217285e-01 1.346094608306884766e-01
3.395606613159179688e+01 9.899736046791076660e-01 1.412523537874221802e-01
3.393615722656250000e+01 9.917448163032531738e-01 1.282271444797515869e-01
3.390954971313476562e+01 9.903389811515808105e-01 1.386676132678985596e-01
3.389275360107421875e+01 9.904136657714843750e-01 1.381326019763946533e-01
3.386214065551757812e+01 9.905889034271240234e-01 1.368711739778518677e-01
3.384711074829101562e+01 9.903165698051452637e-01 1.388269513845443726e-01
3.382250213623046875e+01 9.906739592552185059e-01 1.362530142068862915e-01
3.381222534179687500e+01 9.908269643783569336e-01 1.351360678672790527e-01
3.381105804443359375e+01 9.912962317466735840e-01 1.316501349210739136e-01
3.376815032958984375e+01 9.901559352874755859e-01 1.399680972099304199e-01
3.375548553466796875e+01 9.912088513374328613e-01 1.323057562112808228e-01
3.374481964111328125e+01 9.911946654319763184e-01 1.324128061532974243e-01
3.372900772094726562e+01 9.906576275825500488e-01 1.363722831010818481e-01
3.369719314575195312e+01 9.912137389183044434e-01 1.322697550058364868e-01
3.367175674438476562e+01 9.907369613647460938e-01 1.357943266630172729e-01
3.366150283813476562e+01 9.907604455947875977e-01 1.356232017278671265e-01
3.362965393066406250e+01 9.901216030120849609e-01 1.402111500501632690e-01
3.361649322509765625e+01 9.903776645660400391e-01 1.383910179138183594e-01
3.359531402587890625e+01 9.900836944580078125e-01 1.404783427715301514e-01
3.357620620727539062e+01 9.904289841651916504e-01 1.380228400230407715e-01
3.355718231201171875e+01 9.907498955726623535e-01 1.357000321149826050e-01
3.352958679199218750e+01 9.908022880554199219e-01 1.353169530630111694e-01
3.351053237915039062e+01 9.905914664268493652e-01 1.368520110845565796e-01
3.349040603637695312e+01 9.909832477569580078e-01 1.339859664440155029e-01
3.344574356079101562e+01 9.908966422080993652e-01 1.346247494220733643e-01
3.343457794189453125e+01 9.905031323432922363e-01 1.374898999929428101e-01
3.340286254882812500e+01 9.903107285499572754e-01 1.388691961765289307e-01
3.338716125488281250e+01 9.905291795730590820e-01 1.373018920421600342e-01
3.336646652221679688e+01 9.909502863883972168e-01 1.342293769121170044e-01
3.335145950317382812e+01 9.900311231613159180e-01 1.408485323190689087e-01
3.333047103881835938e+01 9.904471635818481445e-01 1.378922909498214722e-01
3.331596374511718750e+01 9.903761148452758789e-01 1.384018510580062866e-01
3.327801132202148438e+01 9.912635684013366699e-01 1.318962872028350830e-01
3.326740646362304688e+01 9.910675287246704102e-01 1.333609968423843384e-01
3.324098205566406250e+01 9.910333156585693359e-01 1.336145997047424316e-01
3.322663497924804688e+01 9.897853732109069824e-01 1.425651460886001587e-01
3.321239471435546875e+01 9.903187155723571777e-01 1.388117820024490356e-01
3.317663574218750000e+01 9.905117154121398926e-01 1.374282091856002808e-01
3.314731597900390625e+01 9.903234839439392090e-01 1.387784779071807861e-01
3.312717819213867188e+01 9.902961850166320801e-01 1.389728486537933350e-01
3.309687423706054688e+01 9.900225996971130371e-01 1.409084498882293701e-01
3.308377838134765625e+01 9.901655316352844238e-01 1.399001479148864746e-01
3.307650756835937500e+01 9.903317689895629883e-01 1.387189328670501709e-01
3.304897308349609375e+01 9.900484681129455566e-01 1.407261937856674194e-01
3.302311706542968750e+01 9.899500012397766113e-01 1.414175629615783691e-01
3.300776672363281250e+01 9.905399680137634277e-01 1.372243314981460571e-01
3.296585083007812500e+01 9.902205467224121094e-01 1.395106017589569092e-01
3.295239257812500000e+01 9.907153248786926270e-01 1.359525471925735474e-01
3.294505310058593750e+01 9.910369515419006348e-01 1.335879862308502197e-01
3.291943359375000000e+01 9.900312423706054688e-01 1.408477872610092163e-01
3.288956069946289062e+01 9.892984628677368164e-01 1.459061503410339355e-01
3.288203811645507812e+01 9.905094504356384277e-01 1.374441087245941162e-01
3.287551498413085938e+01 9.903531074523925781e-01 1.385664343833923340e-01
3.282130432128906250e+01 9.906126856803894043e-01 1.366984248161315918e-01
3.280646133422851562e+01 9.902976155281066895e-01 1.389622241258621216e-01
3.280463790893554688e+01 9.900118112564086914e-01 1.409839540719985962e-01
3.279307937622070312e+01 9.906504750251770020e-01 1.364243775606155396e-01
3.277487564086914062e+01 9.904041290283203125e-01 1.382017433643341064e-01
3.275900650024414062e+01 9.902142882347106934e-01 1.395553946495056152e-01
3.274873733520507812e+01 9.896731972694396973e-01 1.433421224355697632e-01
3.273014831542968750e+01 9.910351037979125977e-01 1.336014270782470703e-01
3.270014953613281250e+01 9.905802011489868164e-01 1.369336545467376709e-01
3.268108367919921875e+01 9.904616475105285645e-01 1.377884447574615479e-01
3.265949249267578125e+01 9.906473755836486816e-01 1.364466995000839233e-01
3.265892410278320312e+01 9.901890754699707031e-01 1.397338062524795532e-01
3.261126327514648438e+01 9.903005361557006836e-01 1.389418840408325195e-01
3.258441543579101562e+01 9.889197349548339844e-01 1.484509259462356567e-01
3.257521438598632812e+01 9.902138710021972656e-01 1.395582407712936401e-01
3.256342697143554688e+01 9.899423122406005859e-01 1.414717137813568115e-01
3.254680252075195312e+01 9.898209571838378906e-01 1.423182636499404907e-01
3.252413177490234375e+01 9.899330735206604004e-01 1.415361911058425903e-01
3.251596069335937500e+01 9.898730516433715820e-01 1.419552415609359741e-01
3.249372100830078125e+01 9.903452396392822266e-01 1.386224329471588135e-01
3.247145080566406250e+01 9.901310801506042480e-01 1.401444822549819946e-01
3.243554687500000000e+01 9.901223778724670410e-01 1.402054429054260254e-01
3.239995574951171875e+01 9.903568029403686523e-01 1.385401487350463867e-01
3.238956069946289062e+01 9.897943735122680664e-01 1.425027400255203247e-01
3.238382339477539062e+01 9.903976321220397949e-01 1.382477730512619019e-01
3.237163162231445312e+01 9.906976222991943359e-01 1.360815316438674927e-01
3.236196517944335938e+01 9.899699687957763672e-01 1.412778496742248535e-01
3.234060668945312500e+01 9.904051423072814941e-01 1.381939947605133057e-01
3.232537078857421875e+01 9.905636310577392578e-01 1.370537430047988892e-01
3.231932067871093750e+01 9.898644089698791504e-01 1.420153826475143433e-01
3.227825164794921875e+01 9.900817871093750000e-01 1.404921114444732666e-01
3.226383590698242188e+01 9.900123476982116699e-01 1.409806311130523682e-01
3.224911880493164062e+01 9.897391796112060547e-01 1.428857594728469849e-01
3.222413635253906250e+01 9.895537495613098145e-01 1.441642343997955322e-01
3.220982742309570312e+01 9.907244443893432617e-01 1.358859241008758545e-01
3.216848373413085938e+01 9.897865056991577148e-01 1.425572335720062256e-01
3.215634918212890625e+01 9.895929694175720215e-01 1.438941955566406250e-01
3.212781906127929688e+01 9.897007346153259277e-01 1.431515514850616455e-01
3.211957550048828125e+01 9.895606040954589844e-01 1.441172063350677490e-01
3.209619522094726562e+01 9.893683791160583496e-01 1.454306840896606445e-01
3.208560943603515625e+01 9.902849793434143066e-01 1.390525996685028076e-01
3.207538604736328125e+01 9.893671870231628418e-01 1.454392224550247192e-01
3.205508041381835938e+01 9.899039864540100098e-01 1.417400389909744263e-01
3.203210449218750000e+01 9.896767735481262207e-01 1.433169692754745483e-01
3.201842880249023438e+01 9.895644187927246094e-01 1.440905779600143433e-01
3.201049423217773438e+01 9.906175732612609863e-01 1.366628557443618774e-01
3.199422264099121094e+01 9.904115200042724609e-01 1.381484717130661011e-01
3.198736572265625000e+01 9.898035526275634766e-01 1.424394547939300537e-01
3.195256233215332031e+01 9.901932477951049805e-01 1.397040933370590210e-01
3.194101524353027344e+01 9.900879263877868652e-01 1.404487341642379761e-01
3.190284729003906250e+01 9.900643229484558105e-01 1.406150907278060913e-01
3.189164352416992188e+01 9.887967705726623535e-01 1.492676883935928345e-01
3.187293243408203125e+01 9.903898835182189941e-01 1.383033990859985352e-01
3.186168670654296875e+01 9.898106455802917480e-01 1.423895508050918579e-01
3.182621955871582031e+01 9.895812869071960449e-01 1.439749747514724731e-01
3.181768417358398438e+01 9.896814823150634766e-01 1.432849913835525513e-01
3.179101562500000000e+01 9.899054765701293945e-01 1.417286843061447144e-01
3.175824737548828125e+01 9.894933104515075684e-01 1.445781737565994263e-01
3.175402450561523438e+01 9.903372526168823242e-01 1.386794894933700562e-01
3.174329566955566406e+01 9.899165630340576172e-01 1.416517198085784912e-01
3.171218872070312500e+01 9.895372986793518066e-01 1.442773044109344482e-01
3.169264793395996094e+01 9.894758462905883789e-01 1.446978896856307983e-01
3.167681121826171875e+01 9.900050163269042969e-01 1.410319805145263672e-01
3.166829299926757812e+01 9.892575740814208984e-01 1.461823284626007080e-01
3.164714241027832031e+01 9.897733330726623535e-01 1.426489651203155518e-01
3.162628173828125000e+01 9.889231324195861816e-01 1.484285593032836914e-01
3.160972404479980469e+01 9.893628358840942383e-01 1.454689055681228638e-01
3.159345245361328125e+01 9.891214966773986816e-01 1.471007615327835083e-01
3.157112312316894531e+01 9.894497990608215332e-01 1.448758393526077271e-01
3.155646705627441406e+01 9.896137118339538574e-01 1.437519043684005737e-01
3.153069686889648438e+01 9.897980093955993652e-01 1.424774229526519775e-01
3.151807403564453125e+01 9.891406893730163574e-01 1.469714194536209106e-01
3.149859428405761719e+01 9.901832342147827148e-01 1.397750526666641235e-01
3.147665786743164062e+01 9.892576932907104492e-01 1.461818814277648926e-01
3.146625137329101562e+01 9.897484183311462402e-01 1.428214758634567261e-01
3.145560264587402344e+01 9.896111488342285156e-01 1.437700241804122925e-01
3.142994117736816406e+01 9.898219108581542969e-01 1.423110216856002808e-01
3.140481376647949219e+01 9.901689291000366211e-01 1.398768573999404907e-01
3.138630294799804688e+01 9.894508123397827148e-01 1.448692828416824341e-01
3.136548614501953125e+01 9.902532100677490234e-01 1.392782777547836304e-01
3.135518074035644531e+01 9.896921515464782715e-01 1.432110071182250977e-01
3.134897613525390625e+01 9.898361563682556152e-01 1.422122418880462646e-01
3.131928443908691406e+01 9.898951649665832520e-01 1.418007612228393555e-01
3.130885314941406250e+01 9.892846345901489258e-01 1.459998786449432373e-01
3.128521156311035156e+01 9.897468090057373047e-01 1.428325176239013672e-01
3.127003097534179688e+01 9.894376993179321289e-01 1.449581384658813477e-01
3.125269699096679688e+01 9.893940091133117676e-01 1.452562659978866577e-01
3.122420501708984375e+01 9.898018836975097656e-01 1.424506753683090210e-01
3.120962715148925781e+01 9.889096617698669434e-01 1.485182791948318481e-01
3.120389175415039062e+01 9.889106154441833496e-01 1.485114097595214844e-01
3.116671752929687500e+01 9.889540076255798340e-01 1.482224762439727783e-01
3.115375328063964844e+01 9.890586733818054199e-01 1.475226283073425293e-01
3.115226173400878906e+01 9.899131655693054199e-01 1.416753083467483521e-01
3.112549781799316406e+01 9.891435503959655762e-01 1.469521671533584595e-01
3.110380554199218750e+01 9.889926314353942871e-01 1.479643136262893677e-01
3.107796669006347656e+01 9.896184802055358887e-01 1.437194645404815674e-01
3.106169891357421875e+01 9.896301627159118652e-01 1.436385959386825562e-01
3.104112243652343750e+01 9.895393252372741699e-01 1.442631781101226807e-01
3.102812576293945312e+01 9.888755679130554199e-01 1.487448662519454956e-01
3.101161193847656250e+01 9.890228509902954102e-01 1.477623581886291504e-01
3.099938011169433594e+01 9.896880388259887695e-01 1.432397067546844482e-01
3.098798179626464844e+01 9.898233413696289062e-01 1.423009783029556274e-01
3.097855949401855469e+01 9.889140129089355469e-01 1.484891325235366821e-01
3.094636154174804688e+01 9.896479845046997070e-01 1.435159444808959961e-01
3.093418502807617188e+01 9.898605346679687500e-01 1.420422643423080444e-01
3.091271972656250000e+01 9.897183775901794434e-01 1.430297344923019409e-01
3.088844680786132812e+01 9.891248345375061035e-01 1.470783650875091553e-01
3.087970161437988281e+01 9.900197982788085938e-01 1.409281194210052490e-01
3.086256027221679688e+01 9.887214303016662598e-01 1.497662365436553955e-01
3.085747146606445312e+01 9.892156124114990234e-01 1.464663892984390259e-01
3.082751846313476562e+01 9.899379611015319824e-01 1.415019184350967407e-01
3.079587554931640625e+01 9.899921417236328125e-01 1.411222517490386963e-01
3.078623771667480469e+01 9.892561435699462891e-01 1.461925208568572998e-01
3.077935409545898438e+01 9.894169569015502930e-01 1.450999826192855835e-01
3.076300239562988281e+01 9.893185496330261230e-01 1.457693874835968018e-01
3.074808311462402344e+01 9.890919327735900879e-01 1.472988873720169067e-01
3.072455978393554688e+01 9.891327619552612305e-01 1.470247507095336914e-01
3.071595573425292969e+01 9.892519116401672363e-01 1.462204456329345703e-01
3.068970298767089844e+01 9.889168739318847656e-01 1.484699547290802002e-01
3.067149734497070312e+01 9.895458221435546875e-01 1.442190855741500854e-01
3.066287040710449219e+01 9.893219470977783203e-01 1.457463949918746948e-01
3.063093376159667969e+01 9.889945983886718750e-01 1.479510813951492310e-01
3.061578750610351562e+01 9.899370074272155762e-01 1.415088176727294922e-01
3.059141159057617188e+01 9.891332387924194336e-01 1.470210105180740356e-01
3.057886123657226562e+01 9.891732335090637207e-01 1.467525959014892578e-01
3.057684516906738281e+01 9.891650080680847168e-01 1.468081623315811157e-01
3.056718635559082031e+01 9.890160560607910156e-01 1.478079408407211304e-01
3.054912185668945312e+01 9.893320202827453613e-01 1.456779986619949341e-01
3.052887725830078125e+01 9.892753958702087402e-01 1.460620164871215820e-01
3.050720596313476562e+01 9.888362884521484375e-01 1.490062922239303589e-01
3.048490142822265625e+01 9.888555407524108887e-01 1.488778889179229736e-01
3.047388648986816406e+01 9.898479580879211426e-01 1.421298980712890625e-01
3.044818305969238281e+01 9.894862174987792969e-01 1.446269005537033081e-01
3.042778015136718750e+01 9.896413683891296387e-01 1.435619592666625977e-01
3.041647338867187500e+01 9.892137646675109863e-01 1.464786827564239502e-01
3.039066314697265625e+01 9.892535805702209473e-01 1.462099999189376831e-01
3.038438606262207031e+01 9.891973137855529785e-01 1.465899348258972168e-01
3.035864639282226562e+01 9.885803461074829102e-01 1.506941616535186768e-01
3.034798240661621094e+01 9.886956810951232910e-01 1.499359160661697388e-01
3.033519172668457031e+01 9.888385534286499023e-01 1.489910483360290527e-01
3.032752037048339844e+01 9.888758063316345215e-01 1.487436294555664062e-01
3.030057907104492188e+01 9.894068837165832520e-01 1.451689749956130981e-01
3.028670310974121094e+01 9.892566204071044922e-01 1.461887806653976440e-01
3.027229690551757812e+01 9.891695976257324219e-01 1.467768549919128418e-01
3.025748825073242188e+01 9.890381693840026855e-01 1.476598531007766724e-01
3.023542022705078125e+01 9.887013435363769531e-01 1.498984396457672119e-01
3.022263908386230469e+01 9.878644943237304688e-01 1.553178876638412476e-01
3.021277427673339844e+01 9.884077906608581543e-01 1.518222242593765259e-01
3.018638420104980469e+01 9.886204004287719727e-01 1.504318267107009888e-01
3.017847633361816406e+01 9.892951846122741699e-01 1.459280699491500854e-01
3.016618156433105469e+01 9.891432523727416992e-01 1.469543874263763428e-01
3.014829254150390625e+01 9.879010915756225586e-01 1.550853550434112549e-01
3.013084983825683594e+01 9.887373447418212891e-01 1.496611684560775757e-01
3.011969375610351562e+01 9.886786341667175293e-01 1.500485539436340332e-01
3.009597396850585938e+01 9.889709949493408203e-01 1.481092870235443115e-01
3.008263969421386719e+01 9.886475205421447754e-01 1.502531021833419800e-01
3.007042312622070312e+01 9.893459677696228027e-01 1.455834954977035522e-01
3.005755805969238281e+01 9.878616333007812500e-01 1.553363800048828125e-01
3.003223800659179688e+01 9.889672398567199707e-01 1.481337100267410278e-01
3.000495147705078125e+01 9.887549877166748047e-01 1.495442241430282593e-01
2.998933410644531250e+01 9.888464212417602539e-01 1.489385813474655151e-01
2.997488212585449219e+01 9.883439540863037109e-01 1.522369086742401123e-01
2.994816207885742188e+01 9.885162115097045898e-01 1.511149406433105469e-01
2.993917846679687500e+01 9.878992438316345215e-01 1.550965458154678345e-01
2.992794036865234375e+01 9.889582395553588867e-01 1.481944322586059570e-01
2.992331314086914062e+01 9.886970520019531250e-01 1.499269604682922363e-01
2.990679550170898438e+01 9.887845516204833984e-01 1.493488997220993042e-01
2.986918449401855469e+01 9.887427687644958496e-01 1.496253907680511475e-01
2.984775543212890625e+01 9.888854026794433594e-01 1.486798971891403198e-01
2.984152603149414062e+01 9.884158968925476074e-01 1.517691761255264282e-01
2.982485580444335938e+01 9.883652925491333008e-01 1.520986855030059814e-01
2.980829620361328125e+01 9.882593154907226562e-01 1.527856588363647461e-01
2.979194450378417969e+01 9.892344474792480469e-01 1.463394165039062500e-01
2.978015327453613281e+01 9.878835678100585938e-01 1.551967263221740723e-01
2.975404548645019531e+01 9.880732893943786621e-01 1.539839506149291992e-01
2.974651908874511719e+01 9.887706041336059570e-01 1.494408994913101196e-01
2.973100471496582031e+01 9.884533882141113281e-01 1.515251845121383667e-01
2.971984291076660156e+01 9.893995523452758789e-01 1.452184170484542847e-01
2.967883491516113281e+01 9.891176819801330566e-01 1.471268832683563232e-01
2.965377998352050781e+01 9.877170920372009277e-01 1.562526375055313110e-01
2.965074729919433594e+01 9.876766204833984375e-01 1.565078347921371460e-01
2.963487243652343750e+01 9.892959594726562500e-01 1.459228694438934326e-01
2.961958503723144531e+01 9.893388152122497559e-01 1.456317007541656494e-01
2.959543609619140625e+01 9.875627160072326660e-01 1.572254896163940430e-01
2.957781219482421875e+01 9.891970753669738770e-01 1.465919017791748047e-01
2.956743049621582031e+01 9.883409142494201660e-01 1.522568911314010620e-01
2.956143379211425781e+01 9.888003468513488770e-01 1.492440551519393921e-01
2.954248619079589844e+01 9.884921908378601074e-01 1.512717902660369873e-01
2.953281784057617188e+01 9.883322715759277344e-01 1.523134112358093262e-01
2.949026107788085938e+01 9.883198142051696777e-01 1.523942202329635620e-01
2.947596740722656250e+01 9.885065555572509766e-01 1.511774510145187378e-01
2.946921348571777344e+01 9.887409806251525879e-01 1.496370583772659302e-01
2.944467544555664062e+01 9.880856275558471680e-01 1.539050042629241943e-01
2.943267440795898438e+01 9.881355166435241699e-01 1.535847038030624390e-01
2.942007064819335938e+01 9.880449175834655762e-01 1.541659832000732422e-01
2.939344024658203125e+01 9.878395795822143555e-01 1.554766595363616943e-01
2.939127922058105469e+01 9.883912801742553711e-01 1.519296467304229736e-01
2.934720420837402344e+01 9.876438975334167480e-01 1.567144542932510376e-01
2.933633613586425781e+01 9.881510138511657715e-01 1.534846276044845581e-01
2.932646369934082031e+01 9.882643818855285645e-01 1.527529507875442505e-01
2.931231689453125000e+01 9.872049093246459961e-01 1.594572812318801880e-01
2.928970718383789062e+01 9.887827634811401367e-01 1.493604779243469238e-01
2.927434539794921875e+01 9.886336922645568848e-01 1.503447890281677246e-01
2.926718330383300781e+01 9.884876012802124023e-01 1.513017565011978149e-01
2.924752044677734375e+01 9.881423115730285645e-01 1.535405218601226807e-01
2.922224426269531250e+01 9.891603589057922363e-01 1.468391567468643188e-01
2.921455001831054688e+01 9.880306124687194824e-01 1.542576104402542114e-01
2.920615386962890625e+01 9.875891804695129395e-01 1.570589840412139893e-01
2.918395805358886719e+01 9.882128238677978516e-01 1.530865430831909180e-01
2.916213607788085938e+01 9.884172081947326660e-01 1.517608761787414551e-01
2.915874862670898438e+01 9.884451627731323242e-01 1.515787243843078613e-01
2.914220046997070312e+01 9.875114560127258301e-01 1.575471609830856323e-01
2.911445236206054688e+01 9.877655506134033203e-01 1.559462547302246094e-01
2.911036491394042969e+01 9.888259172439575195e-01 1.490747183561325073e-01
2.908407592773437500e+01 9.882658123970031738e-01 1.527433842420578003e-01
2.906923675537109375e+01 9.882277250289916992e-01 1.529895365238189697e-01
2.906650733947753906e+01 9.878132939338684082e-01 1.556435078382492065e-01
2.904941177368164062e+01 9.887493848800659180e-01 1.495814472436904907e-01
2.903247261047363281e+01 9.886742830276489258e-01 1.500771641731262207e-01
2.901323318481445312e+01 9.882507920265197754e-01 1.528403609991073608e-01
2.899966430664062500e+01 9.882630705833435059e-01 1.527618020772933960e-01
2.897519493103027344e+01 9.882100820541381836e-01 1.531036645174026489e-01
2.896522331237792969e+01 9.883543848991394043e-01 1.521689742803573608e-01
2.894825172424316406e+01 9.887096285820007324e-01 1.498443633317947388e-01
2.892620277404785156e+01 9.880729913711547852e-01 1.539860218763351440e-01
2.890966033935546875e+01 9.881336092948913574e-01 1.535966396331787109e-01
2.889634132385253906e+01 9.878122210502624512e-01 1.556505858898162842e-01
2.886261367797851562e+01 9.883297681808471680e-01 1.523292362689971924e-01
2.885530853271484375e+01 9.881494045257568359e-01 1.534950733184814453e-01
2.883861923217773438e+01 9.878962039947509766e-01 1.551166623830795288e-01
2.882446861267089844e+01 9.882996678352355957e-01 1.525247991085052490e-01
2.880434989929199219e+01 9.880567193031311035e-01 1.540902107954025269e-01
2.879705810546875000e+01 9.879668951034545898e-01 1.546651422977447510e-01
2.878660774230957031e+01 9.881255030632019043e-01 1.536483615636825562e-01
2.878085136413574219e+01 9.875456094741821289e-01 1.573324948549270630e-01
2.876356887817382812e+01 9.884548783302307129e-01 1.515153348445892334e-01
2.874197387695312500e+01 9.883651137351989746e-01 1.520996838808059692e-01
2.873285293579101562e+01 9.886977076530456543e-01 1.499226391315460205e-01
2.871935653686523438e+01 9.877970218658447266e-01 1.557464599609375000e-01
2.869295692443847656e+01 9.881115555763244629e-01 1.537380367517471313e-01
2.867243194580078125e+01 9.879602193832397461e-01 1.547075808048248291e-01
2.866574287414550781e+01 9.877460598945617676e-01 1.560695767402648926e-01
2.866230392456054688e+01 9.879264235496520996e-01 1.549233198165893555e-01
2.864031219482421875e+01 9.877177476882934570e-01 1.562487483024597168e-01
2.863239669799804688e+01 9.875735044479370117e-01 1.571571677923202515e-01
2.859438133239746094e+01 9.876518249511718750e-01 1.566641032695770264e-01
2.857399368286132812e+01 9.884639382362365723e-01 1.514564007520675659e-01
2.857102394104003906e+01 9.885278344154357910e-01 1.510384231805801392e-01
2.855009841918945312e+01 9.876309037208557129e-01 1.567965894937515259e-01
2.853955650329589844e+01 9.874082207679748535e-01 1.581928133964538574e-01
2.852494049072265625e+01 9.878207445144653320e-01 1.555957198143005371e-01
2.850153732299804688e+01 9.870114326477050781e-01 1.606501787900924683e-01
2.848726844787597656e+01 9.872832298278808594e-01 1.589703559875488281e-01
2.845899963378906250e+01 9.885103106498718262e-01 1.511530876159667969e-01
2.844571304321289062e+01 9.880068898200988770e-01 1.544096022844314575e-01
2.844096946716308594e+01 9.878374934196472168e-01 1.554895341396331787e-01
2.842009735107421875e+01 9.879335165023803711e-01 1.548789590597152710e-01
2.840327262878417969e+01 9.879376292228698730e-01 1.548520326614379883e-01
2.838318634033203125e+01 9.879015684127807617e-01 1.550822705030441284e-01
2.837320518493652344e+01 9.878925085067749023e-01 1.551394015550613403e-01
2.835002899169921875e+01 9.879611134529113770e-01 1.547020822763442993e-01
2.832275199890136719e+01 9.880844354629516602e-01 1.539125442504882812e-01
2.830241203308105469e+01 9.870982766151428223e-01 1.601157188415527344e-01
2.829421806335449219e+01 9.874323010444641113e-01 1.580426692962646484e-01
2.828691864013671875e+01 9.876101613044738770e-01 1.569265127182006836e-01
2.826689910888671875e+01 9.876264929771423340e-01 1.568239778280258179e-01
2.825695991516113281e+01 9.877665638923645020e-01 1.559396833181381226e-01
2.824018859863281250e+01 9.882077574729919434e-01 1.531187444925308228e-01
2.821792793273925781e+01 9.878310561180114746e-01 1.555304229259490967e-01
2.819790840148925781e+01 9.873439669609069824e-01 1.585933119058609009e-01
2.818668746948242188e+01 9.870908856391906738e-01 1.601610034704208374e-01
2.818105125427246094e+01 9.864771366119384766e-01 1.638982743024826050e-01
2.814984703063964844e+01 9.867358207702636719e-01 1.623339951038360596e-01
2.812760543823242188e+01 9.870910644531250000e-01 1.601600646972656250e-01
2.811201667785644531e+01 9.877237081527709961e-01 1.562106013298034668e-01
2.810391998291015625e+01 9.872546792030334473e-01 1.591481268405914307e-01
2.808737373352050781e+01 9.870309233665466309e-01 1.605298817157745361e-01
2.807949829101562500e+01 9.875246286392211914e-01 1.574644446372985840e-01
2.806477355957031250e+01 9.874368906021118164e-01 1.580142825841903687e-01
2.804489707946777344e+01 9.884589314460754395e-01 1.514888256788253784e-01
2.801502990722656250e+01 9.878514409065246582e-01 1.554009318351745605e-01
2.799682617187500000e+01 9.869062900543212891e-01 1.612948626279830933e-01
2.798771476745605469e+01 9.880758523941040039e-01 1.539674401283264160e-01
2.797832489013671875e+01 9.871676564216613770e-01 1.596867740154266357e-01
2.796949958801269531e+01 9.879545569419860840e-01 1.547440886497497559e-01
2.795116424560546875e+01 9.882819056510925293e-01 1.526398956775665283e-01
2.793260383605957031e+01 9.871439933776855469e-01 1.598335206508636475e-01
2.792310333251953125e+01 9.876312017440795898e-01 1.567948162555694580e-01
2.791387939453125000e+01 9.873215556144714355e-01 1.587328612804412842e-01
2.788901710510253906e+01 9.871768355369567871e-01 1.596304774284362793e-01
2.787051391601562500e+01 9.875411391258239746e-01 1.573609560728073120e-01
2.785657501220703125e+01 9.869551658630371094e-01 1.609949916601181030e-01
2.783917045593261719e+01 9.872794151306152344e-01 1.589948534965515137e-01
2.781527900695800781e+01 9.873292446136474609e-01 1.586852222681045532e-01
2.779685783386230469e+01 9.877814054489135742e-01 1.558456122875213623e-01
2.778201293945312500e+01 9.872434735298156738e-01 1.592169553041458130e-01
2.776850700378417969e+01 9.871295094490051270e-01 1.599222868680953979e-01
2.775691223144531250e+01 9.876497387886047363e-01 1.566781699657440186e-01
2.775012397766113281e+01 9.876954555511474609e-01 1.563894003629684448e-01
2.772654914855957031e+01 9.873264431953430176e-01 1.587025225162506104e-01
2.771167373657226562e+01 9.874578714370727539e-01 1.578823029994964600e-01
2.770320892333984375e+01 9.871107339859008789e-01 1.600380390882492065e-01
2.767148208618164062e+01 9.870818257331848145e-01 1.602168977260589600e-01
2.765476608276367188e+01 9.867575168609619141e-01 1.622018218040466309e-01
2.764909362792968750e+01 9.873930215835571289e-01 1.582873910665512085e-01
2.763973426818847656e+01 9.876269698143005371e-01 1.568211466073989868e-01
2.761948776245117188e+01 9.872972369194030762e-01 1.588840335607528687e-01
2.760621261596679688e+01 9.872619509696960449e-01 1.591026633977890015e-01
2.758325576782226562e+01 9.882675409317016602e-01 1.527324318885803223e-01
2.757352638244628906e+01 9.872717261314392090e-01 1.590422987937927246e-01
2.753355789184570312e+01 9.875938296318054199e-01 1.570303738117218018e-01
2.751593971252441406e+01 9.870184659957885742e-01 1.606062799692153931e-01
2.750686264038085938e+01 9.879127740859985352e-01 1.550103425979614258e-01
2.749011802673339844e+01 9.868258237838745117e-01 1.617859005928039551e-01
2.746775627136230469e+01 9.859306812286376953e-01 1.671545654535293579e-01
2.746398925781250000e+01 9.866787791252136230e-01 1.626803874969482422e-01
2.744425773620605469e+01 9.875873923301696777e-01 1.570704877376556396e-01
2.743714332580566406e+01 9.872654080390930176e-01 1.590819060802459717e-01
2.742623519897460938e+01 9.867488741874694824e-01 1.622546464204788208e-01
2.741297149658203125e+01 9.873285293579101562e-01 1.586892604827880859e-01
2.738981246948242188e+01 9.879831671714782715e-01 1.545614451169967651e-01
2.737373542785644531e+01 9.880948066711425781e-01 1.538456529378890991e-01
2.736360740661621094e+01 9.872236847877502441e-01 1.593400985002517700e-01
2.733804702758789062e+01 9.871689677238464355e-01 1.596790850162506104e-01
2.733216285705566406e+01 9.873273968696594238e-01 1.586966961622238159e-01
2.731954383850097656e+01 9.873331785202026367e-01 1.586604565382003784e-01
2.731444931030273438e+01 9.870381355285644531e-01 1.604857295751571655e-01
2.729476737976074219e+01 9.876614809036254883e-01 1.566039770841598511e-01
2.728679466247558594e+01 9.865608215332031250e-01 1.633944064378738403e-01
2.727039337158203125e+01 9.875773191452026367e-01 1.571336686611175537e-01
2.725790023803710938e+01 9.865351915359497070e-01 1.635490506887435913e-01
2.722957801818847656e+01 9.863688945770263672e-01 1.645491272211074829e-01
2.721342277526855469e+01 9.871261119842529297e-01 1.599437296390533447e-01
2.720756340026855469e+01 9.870896935462951660e-01 1.601681113243103027e-01
2.719377899169921875e+01 9.865124821662902832e-01 1.636858284473419189e-01
2.717759132385253906e+01 9.873394966125488281e-01 1.586211621761322021e-01
2.716575050354003906e+01 9.870153665542602539e-01 1.606261730194091797e-01
2.715175247192382812e+01 9.874579310417175293e-01 1.578816920518875122e-01
2.713012886047363281e+01 9.869410991668701172e-01 1.610811501741409302e-01
2.710603332519531250e+01 9.862729907035827637e-01 1.651223897933959961e-01
2.710097312927246094e+01 9.867387413978576660e-01 1.623161435127258301e-01
2.709284591674804688e+01 9.868388772010803223e-01 1.617064177989959717e-01
2.707025718688964844e+01 9.876207113265991211e-01 1.568604856729507446e-01
2.703777694702148438e+01 9.875326752662658691e-01 1.574134826660156250e-01
2.702155303955078125e+01 9.864033460617065430e-01 1.643422245979309082e-01
2.701587104797363281e+01 9.860455989837646484e-01 1.664754599332809448e-01
2.699415397644042969e+01 9.873805046081542969e-01 1.583658158779144287e-01
2.697007179260253906e+01 9.872578978538513184e-01 1.591283679008483887e-01
2.696429061889648438e+01 9.866163134574890137e-01 1.630588769912719727e-01
2.694731140136718750e+01 9.869852066040039062e-01 1.608105003833770752e-01
2.693519783020019531e+01 9.876821041107177734e-01 1.564739793539047241e-01
2.691806221008300781e+01 9.861348271369934082e-01 1.659456044435501099e-01
2.690980720520019531e+01 9.865640997886657715e-01 1.633746474981307983e-01
2.688669204711914062e+01 9.873298406600952148e-01 1.586808711290359497e-01
2.687113571166992188e+01 9.867432713508605957e-01 1.622887104749679565e-01
2.686479187011718750e+01 9.873210191726684570e-01 1.587359607219696045e-01
2.684307670593261719e+01 9.867267608642578125e-01 1.623895466327667236e-01
2.683065795898437500e+01 9.875061511993408203e-01 1.575803309679031372e-01
2.680903244018554688e+01 9.865115284919738770e-01 1.636915057897567749e-01
2.679598808288574219e+01 9.867562651634216309e-01 1.622101813554763794e-01
2.678795433044433594e+01 9.873946309089660645e-01 1.582773476839065552e-01
2.677211570739746094e+01 9.873788952827453613e-01 1.583756506443023682e-01
2.675890731811523438e+01 9.867589473724365234e-01 1.621932387351989746e-01
2.674263763427734375e+01 9.871078133583068848e-01 1.600567251443862915e-01
2.673267745971679688e+01 9.873515367507934570e-01 1.585460901260375977e-01
2.671108436584472656e+01 9.861249327659606934e-01 1.660044044256210327e-01
2.669686317443847656e+01 9.859716296195983887e-01 1.669127792119979858e-01
2.668148422241210938e+01 9.856033325195312500e-01 1.690739691257476807e-01
2.666316413879394531e+01 9.868420362472534180e-01 1.616875082254409790e-01
2.664666557312011719e+01 9.875778555870056152e-01 1.571302413940429688e-01
2.662886810302734375e+01 9.866430759429931641e-01 1.628967374563217163e-01
2.662530899047851562e+01 9.867975115776062012e-01 1.619588881731033325e-01
2.659527587890625000e+01 9.864621162414550781e-01 1.639891266822814941e-01
2.658671760559082031e+01 9.863869547843933105e-01 1.644407808780670166e-01
2.656309509277343750e+01 9.870244264602661133e-01 1.605699658393859863e-01
2.654338836669921875e+01 9.863342046737670898e-01 1.647564768791198730e-01
2.652714538574218750e+01 9.864976406097412109e-01 1.637756526470184326e-01
2.652388572692871094e+01 9.867927432060241699e-01 1.619880348443984985e-01
2.649718284606933594e+01 9.864388108253479004e-01 1.641295254230499268e-01
2.648414421081542969e+01 9.864730238914489746e-01 1.639232486486434937e-01
2.647122383117675781e+01 9.865834712982177734e-01 1.632581204175949097e-01
2.646022224426269531e+01 9.876336455345153809e-01 1.567796319723129272e-01
2.643004226684570312e+01 9.861386418342590332e-01 1.659233719110488892e-01
2.641134834289550781e+01 9.870716333389282227e-01 1.602796018123626709e-01
2.639739990234375000e+01 9.868304133415222168e-01 1.617583185434341431e-01
2.638987350463867188e+01 9.863777160644531250e-01 1.644957661628723145e-01
2.636957740783691406e+01 9.861927628517150879e-01 1.656013876199722290e-01
2.635063934326171875e+01 9.863628745079040527e-01 1.645849347114562988e-01
2.633322143554687500e+01 9.864749312400817871e-01 1.639119088649749756e-01
2.632057380676269531e+01 9.864442944526672363e-01 1.640963405370712280e-01
2.631236076354980469e+01 9.860075712203979492e-01 1.667004972696304321e-01
2.629225158691406250e+01 9.871503710746765137e-01 1.597939878702163696e-01
2.628113555908203125e+01 9.867893457412719727e-01 1.620080769062042236e-01
2.625866889953613281e+01 9.864735007286071777e-01 1.639209091663360596e-01
2.624231147766113281e+01 9.866692423820495605e-01 1.627381145954132080e-01
2.623936271667480469e+01 9.875213503837585449e-01 1.574849933385848999e-01
2.622539520263671875e+01 9.856361150741577148e-01 1.688825637102127075e-01
2.620473480224609375e+01 9.865648150444030762e-01 1.633701026439666748e-01
2.620187377929687500e+01 9.868257045745849609e-01 1.617863923311233521e-01
2.618199539184570312e+01 9.864547848701477051e-01 1.640336513519287109e-01
2.616239547729492188e+01 9.866039156913757324e-01 1.631339192390441895e-01
2.615082550048828125e+01 9.864764213562011719e-01 1.639027446508407593e-01
2.613637733459472656e+01 9.860526919364929199e-01 1.664335131645202637e-01
2.609974288940429688e+01 9.868984222412109375e-01 1.613429635763168335e-01
2.608091354370117188e+01 9.857618808746337891e-01 1.681468635797500610e-01
2.606505966186523438e+01 9.860363602638244629e-01 1.665301322937011719e-01
2.605673599243164062e+01 9.855245351791381836e-01 1.695325374603271484e-01
2.604252243041992188e+01 9.859549999237060547e-01 1.670110970735549927e-01
2.601263427734375000e+01 9.859058856964111328e-01 1.673007607460021973e-01
2.601042556762695312e+01 9.863403439521789551e-01 1.647200584411621094e-01
2.599684715270996094e+01 9.857542514801025391e-01 1.681917756795883179e-01
2.598009300231933594e+01 9.862677454948425293e-01 1.651539355516433716e-01
2.596744728088378906e+01 9.865536093711853027e-01 1.634378284215927124e-01
2.595890617370605469e+01 9.859842658042907715e-01 1.668383479118347168e-01
2.593117713928222656e+01 9.853519797325134277e-01 1.705330312252044678e-01
2.592411422729492188e+01 9.858723282814025879e-01 1.674980819225311279e-01
2.590782356262207031e+01 9.864921569824218750e-01 1.638085693120956421e-01
2.586718940734863281e+01 9.853214025497436523e-01 1.707092374563217163e-01
2.585811233520507812e+01 9.861497282981872559e-01 1.658573150634765625e-01
2.584002494812011719e+01 9.868022799491882324e-01 1.619292199611663818e-01
2.582682800292968750e+01 9.849492311477661133e-01 1.728435754776000977e-01
2.581718826293945312e+01 9.863114953041076660e-01 1.648922413587570190e-01
2.580283927917480469e+01 9.863911867141723633e-01 1.644151657819747925e-01
2.578858375549316406e+01 9.849342107772827148e-01 1.729292720556259155e-01
2.577217292785644531e+01 9.862371087074279785e-01 1.653367280960083008e-01
2.574981307983398438e+01 9.861624836921691895e-01 1.657815873622894287e-01
2.573276329040527344e+01 9.870733618736267090e-01 1.602688729763031006e-01
2.571988105773925781e+01 9.855254292488098145e-01 1.695275306701660156e-01
2.569994735717773438e+01 9.860774874687194824e-01 1.662867665290832520e-01
2.569597816467285156e+01 9.866341948509216309e-01 1.629503965377807617e-01
2.568178176879882812e+01 9.853466749191284180e-01 1.705635488033294678e-01
2.566871452331542969e+01 9.852557778358459473e-01 1.710876673460006714e-01
2.565338897705078125e+01 9.866821169853210449e-01 1.626603007316589355e-01
2.563554191589355469e+01 9.861460924148559570e-01 1.658792495727539062e-01
2.562496185302734375e+01 9.867692589759826660e-01 1.621309518814086914e-01
2.560930442810058594e+01 9.853701591491699219e-01 1.704278737306594849e-01
2.559856033325195312e+01 9.856377243995666504e-01 1.688735932111740112e-01
2.558535957336425781e+01 9.855222702026367188e-01 1.695456802845001221e-01
2.554574775695800781e+01 9.848679304122924805e-01 1.733064800500869751e-01
2.553211212158203125e+01 9.860890507698059082e-01 1.662177592515945435e-01
2.551067161560058594e+01 9.851200580596923828e-01 1.718673855066299438e-01
2.549260902404785156e+01 9.852372407913208008e-01 1.711946129798889160e-01
2.547305297851562500e+01 9.857882261276245117e-01 1.679927110671997070e-01
2.545636558532714844e+01 9.856244325637817383e-01 1.689512580633163452e-01
2.545039176940917969e+01 9.860793948173522949e-01 1.662748306989669800e-01
2.542682838439941406e+01 9.859179854393005371e-01 1.672293394804000854e-01
2.539896774291992188e+01 9.859332442283630371e-01 1.671396195888519287e-01
2.538582229614257812e+01 9.863189458847045898e-01 1.648479104042053223e-01
2.538232421875000000e+01 9.856939911842346191e-01 1.685444414615631104e-01
2.536591911315917969e+01 9.855603575706481934e-01 1.693240255117416382e-01
2.536202049255371094e+01 9.859293103218078613e-01 1.671625971794128418e-01
2.535005378723144531e+01 9.855117201805114746e-01 1.696073412895202637e-01
2.533377647399902344e+01 9.849830269813537598e-01 1.726512014865875244e-01
2.530368614196777344e+01 9.855467677116394043e-01 1.694034785032272339e-01
2.528259277343750000e+01 9.863980412483215332e-01 1.643738448619842529e-01
2.526927375793457031e+01 9.857422709465026855e-01 1.682624816894531250e-01
2.526261329650878906e+01 9.858658313751220703e-01 1.675367802381515503e-01
2.523967361450195312e+01 9.854278564453125000e-01 1.700941026210784912e-01
2.522196769714355469e+01 9.855417609214782715e-01 1.694325953722000122e-01
2.520291709899902344e+01 9.854897260665893555e-01 1.697348952293395996e-01
2.519004058837890625e+01 9.863508939743041992e-01 1.646567136049270630e-01
2.517732238769531250e+01 9.861064553260803223e-01 1.661148220300674438e-01
2.516795921325683594e+01 9.846598505973815918e-01 1.744846701622009277e-01
2.515891265869140625e+01 9.852828383445739746e-01 1.709320545196533203e-01
2.514236640930175781e+01 9.856867790222167969e-01 1.685866713523864746e-01
2.510423278808593750e+01 9.858410358428955078e-01 1.676822751760482788e-01
2.509478569030761719e+01 9.853838086128234863e-01 1.703486293554306030e-01
2.509379386901855469e+01 9.866539239883422852e-01 1.628313064575195312e-01
2.506773948669433594e+01 9.862565398216247559e-01 1.652210652828216553e-01
2.505794906616210938e+01 9.862393736839294434e-01 1.653233915567398071e-01
2.504054450988769531e+01 9.849547743797302246e-01 1.728121489286422729e-01
2.501682472229003906e+01 9.854145050048828125e-01 1.701713055372238159e-01
2.500109863281250000e+01 9.855260252952575684e-01 1.695242226123809814e-01
2.498587226867675781e+01 9.863517284393310547e-01 1.646517217159271240e-01
2.497144317626953125e+01 9.851184487342834473e-01 1.718768030405044556e-01
2.495506286621093750e+01 9.855491518974304199e-01 1.693893820047378540e-01
2.495133399963378906e+01 9.851571321487426758e-01 1.716550439596176147e-01
2.491201210021972656e+01 9.855216741561889648e-01 1.695493310689926147e-01
2.487987136840820312e+01 9.841618537902832031e-01 1.772721856832504272e-01
2.486535835266113281e+01 9.847356081008911133e-01 1.740562468767166138e-01
2.485870361328125000e+01 9.858132004737854004e-01 1.678461432456970215e-01
2.484963226318359375e+01 9.848784804344177246e-01 1.732464581727981567e-01
2.484420585632324219e+01 9.860166311264038086e-01 1.666471511125564575e-01
2.483186149597167969e+01 9.851747751235961914e-01 1.715530902147293091e-01
2.480920410156250000e+01 9.852325916290283203e-01 1.712206453084945679e-01
2.477909660339355469e+01 9.847965240478515625e-01 1.737117022275924683e-01
2.476956939697265625e+01 9.846156835556030273e-01 1.747336685657501221e-01
2.476580429077148438e+01 9.854832291603088379e-01 1.697726398706436157e-01
2.474424362182617188e+01 9.860590696334838867e-01 1.663956791162490845e-01
2.472736549377441406e+01 9.848191738128662109e-01 1.735830605030059814e-01
2.472106361389160156e+01 9.851411581039428711e-01 1.717461794614791870e-01
2.471527862548828125e+01 9.856392145156860352e-01 1.688644289970397949e-01
2.468795585632324219e+01 9.857192039489746094e-01 1.683973670005798340e-01
2.466596221923828125e+01 9.846862554550170898e-01 1.743359863758087158e-01
2.465419006347656250e+01 9.855234026908874512e-01 1.695389598608016968e-01
2.462352561950683594e+01 9.857863187789916992e-01 1.680039167404174805e-01
2.460785484313964844e+01 9.853551387786865234e-01 1.705144047737121582e-01
2.460414505004882812e+01 9.848182797431945801e-01 1.735885292291641235e-01
2.456684494018554688e+01 9.850503206253051758e-01 1.722666770219802856e-01
2.455256271362304688e+01 9.854004383087158203e-01 1.702526211738586426e-01
2.454240036010742188e+01 9.846484661102294922e-01 1.745488643646240234e-01
2.452956390380859375e+01 9.852882027626037598e-01 1.709010601043701172e-01
2.451802635192871094e+01 9.851240515708923340e-01 1.718444675207138062e-01
2.451242446899414062e+01 9.843451380729675293e-01 1.762514710426330566e-01
2.448939514160156250e+01 9.844698309898376465e-01 1.755536347627639771e-01
2.447405815124511719e+01 9.845909476280212402e-01 1.748731583356857300e-01
2.444495391845703125e+01 9.850341677665710449e-01 1.723590791225433350e-01
2.444146347045898438e+01 9.855192303657531738e-01 1.695633381605148315e-01
2.442744445800781250e+01 9.848574995994567871e-01 1.733658611774444580e-01
2.440434646606445312e+01 9.842760562896728516e-01 1.766372770071029663e-01
2.439283943176269531e+01 9.854469895362854004e-01 1.699824035167694092e-01
2.436622810363769531e+01 9.853255748748779297e-01 1.706851720809936523e-01
2.433448600769042969e+01 9.851682782173156738e-01 1.715911626815795898e-01
2.431697082519531250e+01 9.838023781776428223e-01 1.792562603950500488e-01
2.430319976806640625e+01 9.851173162460327148e-01 1.718830168247222900e-01
2.429321479797363281e+01 9.841024279594421387e-01 1.776019185781478882e-01
2.427558898925781250e+01 9.844543337821960449e-01 1.756406277418136597e-01
2.425522804260253906e+01 9.828339815139770508e-01 1.844920068979263306e-01
2.424314689636230469e+01 9.845187664031982422e-01 1.752788275480270386e-01
2.422500419616699219e+01 9.843535423278808594e-01 1.762043982744216919e-01
2.421996498107910156e+01 9.850021004676818848e-01 1.725423783063888550e-01
2.420637702941894531e+01 9.844790697097778320e-01 1.755019873380661011e-01
2.419956398010253906e+01 9.837955832481384277e-01 1.792934536933898926e-01
2.416284370422363281e+01 9.850573539733886719e-01 1.722263246774673462e-01
2.415504455566406250e+01 9.853935241699218750e-01 1.702924817800521851e-01
2.414255714416503906e+01 9.843620061874389648e-01 1.761573106050491333e-01
2.410795021057128906e+01 9.842570424079895020e-01 1.767423897981643677e-01
2.409699821472167969e+01 9.840513467788696289e-01 1.778844594955444336e-01
2.409056091308593750e+01 9.842615723609924316e-01 1.767176687717437744e-01
2.406452560424804688e+01 9.847792983055114746e-01 1.738092899322509766e-01
2.403076171875000000e+01 9.852119684219360352e-01 1.713397204875946045e-01
2.400975799560546875e+01 9.846704602241516113e-01 1.744242608547210693e-01
2.399549102783203125e+01 9.838723540306091309e-01 1.788719743490219116e-01
2.398931503295898438e+01 9.851291775703430176e-01 1.718149930238723755e-01
2.397302436828613281e+01 9.843107461929321289e-01 1.764432340860366821e-01
2.396454048156738281e+01 9.852193593978881836e-01 1.712971776723861694e-01
2.393901443481445312e+01 9.853496551513671875e-01 1.705461889505386353e-01
2.390648651123046875e+01 9.844789505004882812e-01 1.755026727914810181e-01
2.390206718444824219e+01 9.840971231460571289e-01 1.776315569877624512e-01
2.386353492736816406e+01 9.863367080688476562e-01 1.647417545318603516e-01
2.385095596313476562e+01 9.855442047119140625e-01 1.694185584783554077e-01
2.380972862243652344e+01 9.849795699119567871e-01 1.726707965135574341e-01
2.379988479614257812e+01 9.851060509681701660e-01 1.719476878643035889e-01
2.378778266906738281e+01 9.849079847335815430e-01 1.730790883302688599e-01
2.377742195129394531e+01 9.836872816085815430e-01 1.798866242170333862e-01
2.375647926330566406e+01 9.846330881118774414e-01 1.746356636285781860e-01
2.371979331970214844e+01 9.827010631561279297e-01 1.851985901594161987e-01
2.370230293273925781e+01 9.850293993949890137e-01 1.723863631486892700e-01
2.369449806213378906e+01 9.843848943710327148e-01 1.760297119617462158e-01
2.368167686462402344e+01 9.839102029800415039e-01 1.786632835865020752e-01
2.366888999938964844e+01 9.851047992706298828e-01 1.719547808170318604e-01
2.364399528503417969e+01 9.850848317146301270e-01 1.720693558454513550e-01
2.362437438964843750e+01 9.845092296600341797e-01 1.753325015306472778e-01
2.360235595703125000e+01 9.861506223678588867e-01 1.658517867326736450e-01
2.359266471862792969e+01 9.854363799095153809e-01 1.700446009635925293e-01
2.358525466918945312e+01 9.841333627700805664e-01 1.774302273988723755e-01
2.356735610961914062e+01 9.845820069313049316e-01 1.749235689640045166e-01
2.355153656005859375e+01 9.854059815406799316e-01 1.702200472354888916e-01
2.353811836242675781e+01 9.843822121620178223e-01 1.760445386171340942e-01
2.350001716613769531e+01 9.856696724891662598e-01 1.686867922544479370e-01
2.349877738952636719e+01 9.850431084632873535e-01 1.723081767559051514e-01
2.348240089416503906e+01 9.843811392784118652e-01 1.760502308607101440e-01
2.345278930664062500e+01 9.851118326187133789e-01 1.719146072864532471e-01
2.343240737915039062e+01 9.835739135742187500e-01 1.805061697959899902e-01
2.342396736145019531e+01 9.852852225303649902e-01 1.709179133176803589e-01
2.339053344726562500e+01 9.855936765670776367e-01 1.691304147243499756e-01
2.337657356262207031e+01 9.851393699645996094e-01 1.717564165592193604e-01
2.336202049255371094e+01 9.841551184654235840e-01 1.773094683885574341e-01
2.332562446594238281e+01 9.848216176033020020e-01 1.735692024230957031e-01
2.330914115905761719e+01 9.852168560028076172e-01 1.713119447231292725e-01
2.330034065246582031e+01 9.835641384124755859e-01 1.805592924356460571e-01
2.328229522705078125e+01 9.840387701988220215e-01 1.779540479183197021e-01
2.324921798706054688e+01 9.836435914039611816e-01 1.801254302263259888e-01
2.324311256408691406e+01 9.843055605888366699e-01 1.764722764492034912e-01
2.322274971008300781e+01 9.833866357803344727e-01 1.815233230590820312e-01
2.318416213989257812e+01 9.843389391899108887e-01 1.762861162424087524e-01
2.316206550598144531e+01 9.851307868957519531e-01 1.718060970306396484e-01
2.314714431762695312e+01 9.834989309310913086e-01 1.809137612581253052e-01
2.313888740539550781e+01 9.835928082466125488e-01 1.804027557373046875e-01
2.311170005798339844e+01 9.839931130409240723e-01 1.782062053680419922e-01
2.308913803100585938e+01 9.835668802261352539e-01 1.805440336465835571e-01
2.306521415710449219e+01 9.847611188888549805e-01 1.739126741886138916e-01
2.305564689636230469e+01 9.847700595855712891e-01 1.738611310720443726e-01
2.302910423278808594e+01 9.852950572967529297e-01 1.708616614341735840e-01
2.301280784606933594e+01 9.839347600936889648e-01 1.785283684730529785e-01
2.300015830993652344e+01 9.848402142524719238e-01 1.734642535448074341e-01
2.297749519348144531e+01 9.840537309646606445e-01 1.778708547353744507e-01
2.296155738830566406e+01 9.850283861160278320e-01 1.723921597003936768e-01
2.292561149597167969e+01 9.840372204780578613e-01 1.779627352952957153e-01
2.291015052795410156e+01 9.846575856208801270e-01 1.744976490736007690e-01
2.288894081115722656e+01 9.843088388442993164e-01 1.764543056488037109e-01
2.287172317504882812e+01 9.841251373291015625e-01 1.774759441614151001e-01
2.282866668701171875e+01 9.829316139221191406e-01 1.839714795351028442e-01
2.281624412536621094e+01 9.823595285415649414e-01 1.870019733905792236e-01
2.278035736083984375e+01 9.841063022613525391e-01 1.775801479816436768e-01
2.277420234680175781e+01 9.849184155464172363e-01 1.730191558599472046e-01
2.274766540527343750e+01 9.838775396347045898e-01 1.788433790206909180e-01
2.274239730834960938e+01 9.840196371078491211e-01 1.780600845813751221e-01
2.272006225585937500e+01 9.832618832588195801e-01 1.821976453065872192e-01
2.269884300231933594e+01 9.841973781585693359e-01 1.770748496055603027e-01
2.268991851806640625e+01 9.839417338371276855e-01 1.784897297620773315e-01
2.267016792297363281e+01 9.844781160354614258e-01 1.755072772502899170e-01
2.263959503173828125e+01 9.832544922828674316e-01 1.822375953197479248e-01
2.262029266357421875e+01 9.835847020149230957e-01 1.804471611976623535e-01
2.260299682617187500e+01 9.848322868347167969e-01 1.735088676214218140e-01
2.255882263183593750e+01 9.859340786933898926e-01 1.671345829963684082e-01
2.254480361938476562e+01 9.842200875282287598e-01 1.769483089447021484e-01
2.250882720947265625e+01 9.843453764915466309e-01 1.762502491474151611e-01
2.249172592163085938e+01 9.839224815368652344e-01 1.785960197448730469e-01
2.244819450378417969e+01 9.855548739433288574e-01 1.693563908338546753e-01
2.243894004821777344e+01 9.857029318809509277e-01 1.684924364089965820e-01
2.241467094421386719e+01 9.837277531623840332e-01 1.796654909849166870e-01
2.237250518798828125e+01 9.832965135574340820e-01 1.820108741521835327e-01
2.235952186584472656e+01 9.851237535476684570e-01 1.718458384275436401e-01
2.232307052612304688e+01 9.848384857177734375e-01 1.734734028577804565e-01
2.231079864501953125e+01 9.833145737648010254e-01 1.819133311510086060e-01
2.229837226867675781e+01 9.833323955535888672e-01 1.818168610334396362e-01
2.225160789489746094e+01 9.843676686286926270e-01 1.761258691549301147e-01
2.223013114929199219e+01 9.835197925567626953e-01 1.808003485202789307e-01
2.220079803466796875e+01 9.843580126762390137e-01 1.761796027421951294e-01
2.216519546508789062e+01 9.843684434890747070e-01 1.761212646961212158e-01
2.214317131042480469e+01 9.845277070999145508e-01 1.752285957336425781e-01
2.212745475769042969e+01 9.847089052200317383e-01 1.742077320814132690e-01
2.208214950561523438e+01 9.840341210365295410e-01 1.779795438051223755e-01
2.205424880981445312e+01 9.853243231773376465e-01 1.706922203302383423e-01
2.201367950439453125e+01 9.848713874816894531e-01 1.732871085405349731e-01
2.200600814819335938e+01 9.842863082885742188e-01 1.765799671411514282e-01
2.195965766906738281e+01 9.839569926261901855e-01 1.784054934978485107e-01
2.195038414001464844e+01 9.844866991043090820e-01 1.754591464996337891e-01
2.193965721130371094e+01 9.826903939247131348e-01 1.852558404207229614e-01
2.190756607055664062e+01 9.840419292449951172e-01 1.779363900423049927e-01
2.187723541259765625e+01 9.835662841796875000e-01 1.805471479892730713e-01
2.183081054687500000e+01 9.842714667320251465e-01 1.766625344753265381e-01
2.182101631164550781e+01 9.826977849006652832e-01 1.852160096168518066e-01
2.179013824462890625e+01 9.854657649993896484e-01 1.698738783597946167e-01
2.172397422790527344e+01 9.843401312828063965e-01 1.762795001268386841e-01
2.171185302734375000e+01 9.839064478874206543e-01 1.786837875843048096e-01
2.167978477478027344e+01 9.840319752693176270e-01 1.779914349317550659e-01
2.166330909729003906e+01 9.819989204406738281e-01 1.888867020606994629e-01
2.162115669250488281e+01 9.833944439888000488e-01 1.814808994531631470e-01
2.157795333862304688e+01 9.808871150016784668e-01 1.945773512125015259e-01
2.156602096557617188e+01 9.849149584770202637e-01 1.730391234159469604e-01
2.151751327514648438e+01 9.837729930877685547e-01 1.794175058603286743e-01
2.146586608886718750e+01 9.846203923225402832e-01 1.747071146965026855e-01
2.142631340026855469e+01 9.839541912078857422e-01 1.784211993217468262e-01
2.140510177612304688e+01 9.832623600959777832e-01 1.821947842836380005e-01
2.137157630920410156e+01 9.847033023834228516e-01 1.742390692234039307e-01
2.133366966247558594e+01 9.813999533653259277e-01 1.919741630554199219e-01
2.129085731506347656e+01 9.836057424545288086e-01 1.803317517042160034e-01
2.126217269897460938e+01 9.832292199134826660e-01 1.823738068342208862e-01
2.121724128723144531e+01 9.846023917198181152e-01 1.748087853193283081e-01
2.120485115051269531e+01 9.827368259429931641e-01 1.850085556507110596e-01
2.110724258422851562e+01 9.847605824470520020e-01 1.739153861999511719e-01
2.109952545166015625e+01 9.854775667190551758e-01 1.698054671287536621e-01
2.103281211853027344e+01 9.843382239341735840e-01 1.762901395559310913e-01
2.100963401794433594e+01 9.848496913909912109e-01 1.734099686145782471e-01
2.094494819641113281e+01 9.841197133064270020e-01 1.775063276290893555e-01
2.088148117065429688e+01 9.848672747611999512e-01 1.733101457357406616e-01
2.076929855346679688e+01 9.837033748626708984e-01 1.797987669706344604e-01
2.072056388854980469e+01 9.841478466987609863e-01 1.773497015237808228e-01
2.064087104797363281e+01 9.844193458557128906e-01 1.758366972208023071e-01
2.055892753601074219e+01 9.842993617057800293e-01 1.765069961547851562e-01
2.048539924621582031e+01 9.835149049758911133e-01 1.808264851570129395e-01
2.037704467773437500e+01 9.846479296684265137e-01 1.745517402887344360e-01
